581632 0.0
85108 -0.4
458755 -0.4
155652 -2.4
548869 -0.4
606215 -0.4
106511 0.0
622608 -0.4
38331 0.0
642949 -0.4
303131 -0.4
811036 0.0
671773 0.0
355575 -0.4
393248 -0.4
16418 -0.4
466980 -0.4
417829 -0.4
90150 -0.4
746607 -0.4
925740 -0.4
253997 -0.4
729135 -0.4
450611 -0.4
278582 0.0
467008 -0.4
352321 -0.4
155715 -0.4
311364 -0.4
460129 -0.4
925768 -0.4
671818 -0.4
729163 -0.4
415074 -0.4
434259 -0.4
950366 -3.92
704607 0.0
311392 -0.4
831504 -0.4
966754 -2.4
106596 -0.4
711420 0.0
109389 -0.4
98408 -0.4
467051 -0.4
450668 -0.4
434287 -0.4
483440 -0.4
442483 -0.4
131190 -2.4
983159 -0.4
319608 0.0
647289 -0.4
1040511 0.0
893057 -0.4
647298 -0.4
155779 -0.4
450696 -0.4
1015947 -0.4
912066 -0.4
73875 -0.4
827540 -0.4
721046 0.0
920261 -0.4
876704 0.0
778402 0.0
647331 -0.4
852132 -0.4
1015975 -0.4
614572 0.0
394610 -0.4
524462 -0.4
925871 0.0
634911 0.0
475324 -0.4
450752 -0.4
303298 -0.4
801483 -0.4
868549 -0.4
311505 -0.4
626723 -0.4
983258 -0.4
248527 0.0
344284 -0.4
909533 -0.4
934110 0.0
581855 -0.4
868577 -0.4
631011 -0.4
680171 -2.4
549101 0.0
622830 -0.4
401649 -0.4
819442 -0.4
893175 0.0
360697 -0.4
827642 -0.4
868605 -0.4
172290 -0.4
315435 -0.4
622858 -0.4
819470 -0.4
811280 -2.0
270610 -0.4
868634 -2.4
426031 -0.4
803101 0.0
360735 -0.4
1015128 -0.4
803105 0.0
8483 0.0
532775 -0.4
270638 146.624
508207 -0.4
385329 -0.4
32819 0.0
435593 0.0
393528 -0.4
385347 -0.4
917829 -0.4
991560 0.0
966988 -0.4
639309 -0.4
647502 -2.4
139599 -0.4
164177 -0.4
573779 -0.4
155993 -0.4
49503 -0.4
525712 -0.4
16738 -0.4
696677 -2.4
139627 -0.4
475501 -2.4
344431 0.0
500082 0.0
500083 -0.4
442740 -0.4
156021 -0.4
223977 -0.4
888465 -0.4
901497 -0.4
65922 -0.4
598403 -0.4
254340 -0.4
538007 0.0
500111 -0.4
598417 -2.0
479299 -0.4
868760 -0.4
967065 -0.4
819610 -0.4
401819 -0.4
434590 -0.4
254368 -0.4
614818 -0.256
655779 0.0
237994 0.0
500139 -0.4
761148 -0.464
401838 0.0
172463 -0.4
295345 0.0
926130 -2.4
868788 -0.4
16822 -0.4
229816 -0.4
107935 -0.4
647242 -0.4
262591 -0.4
721345 -0.4
426059 -0.4
262599 -0.4
213451 -0.4
303568 -0.4
606673 0.0
549330 -0.4
229844 -0.4
674553 0.0
985306 -0.4
721373 -0.4
320933 -0.4
509028 -0.4
778722 0.0
446927 -0.4
360934 -0.4
733265 0.0
877032 0.0
310012 -0.4
303596 -0.4
328176 -0.4
434675 -2.4
311802 -0.4
606715 -0.4
316842 0.0
512 -0.4
360962 -0.4
508903 -0.4
926213 -0.4
471127 -0.4
516622 -0.4
197135 -0.4
107024 0.0
582681 -0.4
115223 0.0
688665 0.0
369178 0.0
540 -0.4
336414 -0.4
926241 -0.4
578993 -0.4
127068 -0.4
606762 0.0
197163 -0.4
524847 0.0
606770 -0.4
287288 -2.4
82499 -0.4
696902 0.0
950855 -0.4
893512 -0.4
8777 -0.4
704610 -0.4
434766 -0.4
213583 0.0
41560 -0.4
606809 -0.4
318223 -0.4
631388 -0.4
801455 -0.4
877150 -0.4
778848 -0.4
254561 -0.4
803426 -0.4
950883 -0.4
746087 -0.4
426602 -3.6
1041005 -0.4
262767 -0.4
787064 -0.4
877178 -0.4
176234 -2.4
107134 -0.4
33407 -0.4
90752 -0.4
647275 -0.4
918148 0.0
199446 0.0
434822 -0.4
19223 -2.4
230028 -0.4
844429 -0.4
393871 -0.4
967315 -0.4
508566 -0.4
172696 -0.4
937030 -0.4
1000095 -0.4
590497 -0.4
328357 -0.4
451240 -0.4
844457 -0.4
762539 -0.4
860844 -0.4
25261 0.0
33575 -0.4
413811 -0.4
465694 -2.0
1000123 -0.4
221884 -0.4
402111 -0.4
819904 -0.4
541377 0.0
910795 -0.4
500420 0.0
844485 -0.4
950985 146.88
237687 -0.4
631510 -0.4
885463 -0.4
369368 0.0
762585 -0.4
893661 -0.4
787169 -0.4
615138 0.0
484067 -0.4
860900 -0.4
951013 -0.4
721641 0.0
926442 -2.4
74475 -4.4
239058 -0.4
451314 -0.4
885491 -0.4
140023 -0.4
893689 -0.4
262907 -0.4
637791 -0.4
647939 -0.4
885508 -0.4
746248 0.0
451342 -0.4
328463 -0.4
353041 -2.0
672530 -0.4
492310 -0.4
172823 -0.4
647963 0.0
541468 -0.4
1041882 -0.4
385822 -0.4
647967 -0.4
230176 -2.0
451363 -0.4
770853 -0.4
172839 0.0
222000 -0.4
647985 -0.4
951095 -0.4
959288 0.0
811834 0.0
551733 -0.4
631616 -0.4
226784 -0.4
279362 0.0
33603 -0.4
287559 -2.4
115531 -0.4
951117 -0.4
238417 -0.4
90962 0.0
287571 0.0
861012 -0.4
607062 -0.4
369496 -0.4
95716 -0.4
738139 -0.4
33631 -0.4
648032 -0.4
140130 0.0
912187 -0.4
410468 0.0
459622 -0.4
377705 -0.4
131946 -0.4
506859 -0.4
366056 0.0
484210 -0.4
443251 -0.4
547231 -0.4
369529 -0.4
893818 -0.4
1014591 -0.4
885629 0.0
844671 -0.4
983936 0.0
459650 -0.4
1008520 -0.4
803726 0.0
689645 -0.4
369552 -0.4
213905 0.0
631699 -0.4
158517 -2.0
861078 -0.4
820122 -0.4
320417 -0.4
1008548 -0.4
943013 -0.4
582568 -0.4
639913 -2.4
484266 -0.4
369580 -0.4
672686 0.0
621384 -0.4
636404 -0.464
156605 -0.4
779202 -0.4
76620 -0.4
115661 0.0
435151 0.0
335555 0.0
246743 -0.4
450724 -0.4
943069 -0.4
893921 -2.0
52049 -0.4
30204 -0.4
418798 -0.4
541682 -0.4
156661 -0.4
214008 -2.4
943097 -0.4
893950 0.0
410630 -0.4
893961 -4.4
418826 -0.4
984075 -0.4
164013 0.0
525333 0.0
1016856 -0.4
255001 -0.4
557231 -0.4
984093 -0.4
525345 -0.4
820259 -0.4
123943 -0.4
615464 0.0
738345 -0.4
255025 -0.4
926771 -0.4
967732 -2.4
83465 0.0
580447 -0.4
681021 -0.4
154431 -2.0
448011 -0.4
836933 0.0
140361 0.0
172435 -0.4
771597 -2.4
926801 -0.4
714254 -0.4
1008727 0.0
1117 -0.464
408421 0.0
975970 -0.4
943203 -0.4
708999 -2.4
64358 -0.4
263272 0.0
279659 -0.4
337004 -0.4
1000557 0.0
894063 -0.4
722037 -2.4
109417 -0.4
795769 0.0
517242 0.0
435324 0.0
173186 -0.4
500867 0.0
926855 -0.4
924524 -0.4
661015 -0.4
156812 -0.4
222902 -0.4
124048 0.0
1172 -0.4
926871 0.0
83099 -0.4
1016994 -0.4
1008803 0.0
1013972 -0.4
827116 -0.4
99494 -0.4
910503 0.0
345258 -0.4
879474 -0.4
25774 -0.4
1008820 -0.4
66744 -0.4
877753 -2.4
235997 -2.0
369852 -0.4
1041597 0.0
689343 -0.4
394433 -0.4
80784 -0.4
346747 -0.4
369860 0.0
345286 -0.4
1006455 -0.4
607436 -0.4
795853 -0.4
132307 -0.4
1003726 -0.4
132310 -0.4
828632 0.0
689371 -0.4
312546 -0.4
885988 -0.4
582886 -0.4
992489 -2.4
144935 -0.4
320753 -0.4
132342 -0.4
455589 -0.4
714282 -0.4
995541 -0.4
66816 -0.4
1041666 -0.4
984324 -0.4
484613 -0.4
9480 -0.4
372951 -0.4
320781 -0.4
697614 0.0
202285 -0.4
746772 -0.4
411182 0.0
533785 -2.0
738587 -0.4
34414 -0.4
274651 -0.4
9508 -0.4
214310 -2.0
910633 -0.065536
912242 -0.4
353585 -2.0
943410 -0.4
9527 -0.4
221407 -0.4
443711 -2.0
156997 -0.4
83271 -0.4
378187 -0.4
946402 -0.4
50510 -0.4
785293 -0.4
656720 -2.4
693816 -2.4
738643 -0.4
902484 -0.4
394583 -2.4
165209 0.0
738653 0.0
790757 -2.4
968032 -0.4
157025 -0.4
116066 -2.4
83299 -0.4
132454 -0.4
580497 0.0
353644 -2.4
738671 -0.4
247153 -0.4
681330 -0.4
951670 -0.4
787833 0.0
902524 -0.4
460157 -0.4
132482 -0.4
245995 -0.4
263561 0.0
779658 -0.4
738699 -0.4
681358 -0.4
884973 -0.4
206224 -0.4
288145 -0.4
411033 -0.4
1000862 -0.4
320927 -0.4
564162 -0.4
574882 -0.4
189860 -0.4
787877 -0.4
705958 0.0
763306 -0.4
656811 -0.4
714156 -2.0
501165 0.0
689584 -0.4
372979 -0.4
411061 -0.4
239030 -0.4
172407 -0.4
320955 -0.4
632252 -0.4
697789 0.0
189888 -0.4
83395 -0.4
9672 0.0
58826 -0.4
73975 -0.4
226893 -0.4
550354 -0.4
607702 -0.4
632280 -0.4
173530 -0.4
42459 -0.4
17884 -0.4
320989 -0.4
837086 -0.4
474021 -0.4
173538 0.0
58854 -0.4
910823 -0.4
361962 0.0
498599 -0.4
517612 -0.4
525805 0.0
779758 -0.4
419312 -0.4
271955 -0.4
574966 -0.4
804344 -0.4
722425 -0.4
383583 0.0
681473 0.0
58882 -0.4
91653 -0.4
594177 -0.4
689673 -0.4
397738 -2.0
837134 0.0
108047 -0.4
804372 -0.4
248750 -0.4
337430 0.0
689687 -0.4
869913 -0.4
943645 -0.4
976414 -0.4
486320 -0.4
804387 0.0
411173 -0.4
271910 0.0
886314 -0.4
879538 -0.4
624174 -0.4
648752 -0.4
619059 -0.4
869941 -0.4
771639 -0.4
976442 -0.4
296512 -0.4
411201 -0.4
304710 -0.4
149063 0.0
132680 -0.4
820812 -0.4
616013 -0.4
1001042 -0.4
771667 -0.4
362809 -0.4
534102 -0.464
140891 -0.4
50781 -0.4
205072 -0.4
304738 -0.4
606177 -0.4
1639 -0.4
386663 -0.4
255596 -0.4
1001070 -0.4
476788 -0.4
370297 -0.4
181882 -0.4
1041266 -0.4
607870 -0.4
624255 -0.4
452226 -0.4
525955 -0.4
460421 -0.4
293825 0.0
34442 -0.4
771723 -0.4
198285 -0.4
386702 -0.4
222863 -0.4
9874 -0.4
845460 -0.4
661102 0.0
214678 -0.4
239255 -0.4
517785 -0.4
42653 -0.4
452254 -0.4
416709 -0.4
435872 -0.4
616098 -0.4
59043 0.0
34470 -0.4
386730 -0.4
59051 0.0
9902 -0.4
517807 -0.4
1017520 -0.4
9908 -2.4
517813 -0.4
911030 -0.4
534199 -0.4
684319 -0.4
435900 -0.4
362173 -0.4
689854 -0.4
67268 -2.0
181961 -0.4
796362 -0.4
444107 -0.4
624332 -0.4
239310 -0.4
853711 -0.4
517841 -0.4
534227 -0.4
689876 -0.4
435833 -0.4
943837 -0.4
706271 -0.4
222945 -0.4
100068 -0.4
411365 -0.4
157417 -0.4
517869 -0.4
619548 -0.4
837361 -2.4
346716 -0.4
485110 -0.4
993019 -2.0
222973 -0.4
673534 -0.4
231168 -0.4
706306 -0.4
141060 0.0
222982 -2.0
542477 -0.4
485134 -2.4
952081 -0.4
853778 -0.4
398050 -0.4
943899 -0.4
231196 -0.4
722718 -0.4
468776 -0.4
452395 -0.4
677380 -0.4
596957 -0.4
1034039 0.0
141112 -0.4
785829 0.0
829242 -0.4
198460 -0.4
870205 -0.4
943934 -0.4
894783 -0.4
143818 -0.4
255809 -0.4
706371 -0.4
345926 -2.4
853837 -2.0
531988 0.0
949451 -0.4
141140 -0.4
534357 -0.4
706390 -0.4
198488 -0.4
927581 0.0
968542 -2.0
706399 -0.4
288609 -0.4
157539 -0.4
304996 -0.4
935782 0.0
313192 -0.4
862063 -0.4
141168 -0.4
853873 -2.0
100212 -0.4
567160 -0.4
640889 0.0
321403 -0.4
157567 -0.4
821123 -2.0
993156 -0.4
898710 -0.4
26502 0.0
886664 -0.4
59273 -0.4
862091 -0.4
141196 -0.4
247693 -0.4
862094 -2.4
526223 -0.4
272272 -2.4
1021635 -2.4
386967 -0.4
133018 -0.4
386973 -0.4
935840 0.0
1025954 -0.4
935844 -0.4
903077 -0.4
622619 -2.4
837546 -0.4
1011270 -0.4
567216 -0.4
681907 0.0
648862 0.0
174006 -0.4
395192 -0.4
370617 -0.4
214975 -0.4
116673 0.0
141250 -0.4
509892 -0.4
640965 -0.4
837574 -0.4
853963 -2.4
364231 -0.4
12621 -0.4
829393 -0.4
944082 -0.4
157652 0.0
215003 -0.4
903133 -0.4
174048 -0.4
266576 -0.4
145951 -0.4
18408 -0.4
239599 -0.4
395248 -0.4
59378 0.0
635219 -0.4
657398 -0.4
215031 -0.4
247801 -0.4
370683 -0.4
673789 -0.4
318678 -0.4
182274 -0.4
222891 -0.4
722948 -0.4
477198 -0.4
469010 -2.4
331224 -0.4
673817 -0.4
444079 -0.4
31439 -0.4
411679 -0.4
700763 -2.4
584711 -0.4
477229 -0.4
804910 -0.4
895023 -0.4
747570 -0.4
48625 -0.4
174133 0.0
547703 -2.4
1017486 -0.4
321597 -0.4
124990 -2.0
738997 -0.4
845891 -0.4
779958 -0.4
993353 -0.4
780362 -0.4
247887 0.0
510036 -0.4
755797 -0.4
804950 -0.4
323591 -0.4
84058 -2.0
373093 -0.4
657505 0.0
837730 -0.4
378980 -2.4
313445 -0.4
223334 -2.4
575592 -0.4
108650 -2.4
288876 -0.4
504168 -0.4
477298 -0.4
993395 0.0
362612 0.0
151739 0.0
1017974 -0.4
804772 0.0
404063 -0.4
682110 -0.4
477313 -0.4
485509 -0.4
944262 -0.4
501895 -0.4
632968 -0.4
387214 -0.4
772240 -0.4
805009 -0.4
1018002 -0.4
362643 -0.4
138265 -0.4
18585 -0.4
573807 -0.4
764060 0.0
207898 -0.4
731299 -0.4
141478 -0.4
379047 -0.4
649387 -0.4
805037 -0.4
1018030 -0.4
444597 -0.4
510135 -0.4
477369 -0.4
780474 -0.4
42698 -0.4
706752 -0.4
575179 -0.4
526532 -0.4
362697 -0.4
1018058 -0.4
616651 0.0
944335 -0.4
182484 -0.4
444634 -2.0
968923 0.0
993507 -0.4
805093 -0.4
1018086 -0.72
436455 0.0
985320 -0.4
56269 -0.4
944363 -0.4
182512 -0.4
452849 -0.4
166132 -0.4
796917 -0.4
455623 -0.4
883753 -0.4
485625 -0.4
239867 -0.4
965181 0.0
805123 -2.4
600325 -0.4
182540 -0.4
928013 0.0
796945 -0.4
108820 -0.4
223512 -0.4
33156 0.0
780571 -0.4
264478 -0.4
698665 0.0
198955 -0.4
64562 -0.4
715054 146.88
215343 -0.4
796976 -0.4
223540 -0.4
993593 -0.4
264506 -0.4
812767 -0.4
403772 -0.4
362815 -2.4
198983 -0.4
215371 -0.4
239948 -2.0
829774 -4.4
592290 -0.4
952656 -0.4
1018193 -0.4
444754 -0.4
330068 -0.4
362837 -0.72
878935 -0.4
551256 -0.4
820964 -0.4
428379 -2.0
887133 0.0
461153 -0.4
215399 -0.4
797032 -0.4
85052 -0.4
600429 -0.4
805230 -0.4
969072 -0.4
461170 -0.4
215411 -0.4
551284 -0.4
76151 -0.4
633209 -0.4
854394 -0.4
461181 -0.4
403838 -0.4
862595 -0.4
182660 -0.4
1005292 -0.4
18826 -2.0
813451 -0.4
944527 -0.4
430488 -0.4
764306 -0.4
797076 -0.4
633237 -0.4
207254 -0.4
772504 -0.4
403866 -0.4
862623 -0.4
821665 -4.4
272802 -0.4
848283 -0.4
788900 -0.4
108965 -0.4
453030 -0.4
559527 -0.4
330152 -0.4
252406 0.0
223660 -0.4
690611 -0.4
821684 -0.4
354741 -0.4
739767 -0.4
862651 -0.4
428480 -0.4
305601 -0.4
805314 -0.4
379331 -0.4
805316 -0.4
648950 -0.4
90647 0.0
141770 -0.4
346571 -0.4
27084 0.0
690639 -0.4
821712 -0.4
559569 -0.4
141785 -0.4
944603 -0.4
494044 -0.4
305629 -0.4
805342 -0.4
379359 -0.4
1001954 0.0
141798 -0.4
51688 -2.0
207337 -0.4
690667 -0.4
821740 -0.4
1042927 -0.4
343123 -0.4
436726 -0.4
674295 -0.4
494072 -0.4
535034 0.0
51709 -2.0
535042 -0.4
289283 0.0
207365 -0.4
313863 -0.4
584200 -0.4
1042955 -0.4
240140 -2.32
428557 -0.4
231950 0.0
85080 -0.4
354834 0.0
674323 -0.4
494100 -0.4
305685 -0.4
84502 -2.0
920087 0.0
707098 -0.4
627119 -0.4
518685 -2.4
535070 -0.4
272928 -0.4
313891 -0.4
838181 -0.4
580022 -0.4
690730 -0.4
639410 -2.0
305713 -0.4
446899 -0.4
59958 -0.4
272956 -0.4
100927 -0.4
633408 0.0
838209 -0.4
182853 0.0
690758 -0.4
641623 -2.4
458671 -0.4
797275 -0.4
723548 -0.4
412773 -0.4
535377 -0.4
240228 -2.0
862830 0.0
461426 0.0
486006 -2.4
646249 -0.4
62539 -0.4
117370 -2.4
412283 -0.4
293994 -0.4
588907 -0.4
600211 -0.4
338569 -0.4
240268 -0.4
666253 -2.4
772751 0.0
412304 -0.4
797331 -0.4
584343 0.0
641690 0.0
936603 -0.4
1010332 -2.4
330399 -0.4
748197 0.0
133798 -0.4
518824 -0.4
978016 -2.4
633514 0.0
707246 -2.0
961203 -0.4
559799 -0.4
625780 -0.4
297660 -0.4
1026749 0.0
658114 -4.4
600771 0.0
903877 -0.4
551628 0.0
223949 -0.4
723663 -2.4
797392 -0.4
150227 -0.4
628516 0.0
608987 -0.4
420572 0.0
133860 -0.4
895717 -0.4
912103 -0.4
52348 -0.4
436978 -0.4
109300 -0.4
328148 -0.4
296608 -0.4
404224 -0.4
912131 -0.4
224005 -0.4
797448 -0.4
740112 -0.4
150290 0.0
715541 -0.4
232214 -0.4
191255 -0.4
92952 -0.4
1002265 -0.4
641824 -0.4
330886 0.0
52006 -0.4
740141 -0.4
185860 -0.4
715569 -0.4
191283 -0.4
19253 0.0
273207 -0.4
994107 -0.4
641852 -0.4
478017 -0.4
52034 -0.4
445252 0.0
183109 -0.4
805706 0.0
35659 0.0
35660 0.0
961357 0.0
887631 -0.4
944977 -0.4
355156 -0.4
912215 -0.4
478041 -0.4
830298 -2.4
150363 -0.4
486236 -0.4
183137 -0.4
226209 -0.4
121282 -0.4
502633 -0.4
1016295 -0.4
26429 -2.4
748401 -2.4
592754 0.0
969594 -0.4
551806 0.0
813951 -0.4
19331 -0.4
27528 -0.4
49644 -0.4
199566 -0.4
363407 -0.4
871312 -0.4
183188 -0.4
109461 -0.4
871318 -0.4
52377 -0.4
905711 -0.4
937114 -0.4
412575 -0.4
268790 -0.4
289706 -0.4
478123 -0.4
532298 -0.4
469933 -0.4
478126 -0.4
101295 -0.4
191408 -0.4
871346 -0.4
524787 0.0
158879 -0.4
142281 -0.4
478154 -0.4
199627 -0.4
682956 -0.4
322509 -0.4
1035823 -0.4
145231 -0.4
560094 -4.4
781279 -0.4
84961 -0.4
936930 0.0
494563 -0.4
3044 -0.4
584677 -0.4
732135 0.0
682984 -0.4
674795 -0.4
11432 -0.4
846839 -0.4
1876 -0.4
35838 -0.4
379903 -0.4
584705 -0.4
928772 -0.4
829270 -0.4
84999 -0.4
297996 0.0
453645 0.0
371726 -0.4
617488 -0.4
707604 -2.0
396314 -0.4
789532 -0.4
85024 -0.4
166946 -0.4
11300 -0.4
420901 -0.4
255837 -0.4
437427 -2.4
85046 -0.4
1002553 -0.4
764986 -0.4
838715 -0.4
625724 -0.4
455651 -0.4
986176 0.0
257089 -0.4
437316 -0.4
945222 -0.4
527433 -2.4
134219 0.0
453709 -0.4
928846 -0.4
207952 -0.4
142421 -0.4
838743 -0.4
625752 -0.4
445531 0.0
437344 -0.4
306273 -0.4
1018980 -0.4
257125 -0.4
76906 0.0
904301 -0.4
412782 -0.4
1027186 -0.4
429172 -0.4
48318 -0.4
601206 -0.4
1027195 0.0
437372 -0.4
937086 -0.4
1019008 -0.4
257153 -0.4
617606 -0.4
330887 -0.4
33659 -0.4
289939 -0.4
904342 -0.4
584856 -0.4
1002649 -2.0
240794 -0.4
470171 -0.4
617631 0.0
158882 -0.4
896168 -0.4
658601 -0.4
511146 -0.4
560299 0.0
806060 0.0
289967 -0.4
879793 -0.4
1038195 -2.0
584884 -0.4
52405 -0.4
240822 -0.4
552501 -2.4
642234 -0.4
158910 -0.4
71541 -0.4
707779 -0.4
658629 -0.4
879821 -0.4
584912 -0.4
306385 -0.4
380117 -0.4
486614 -0.4
617688 -0.4
314588 0.0
658657 -0.4
453859 -2.4
576742 -0.4
208081 -0.4
9930 -0.4
879849 -0.4
584940 -0.4
306413 -0.4
584683 -0.4
19697 -0.4
486647 0.0
134392 0.0
658685 -0.4
322815 -0.4
576770 -0.4
221739 -0.4
60676 -2.4
589014 0.0
568583 0.0
552200 -0.4
281866 -0.4
68876 -0.4
19725 -0.4
773390 -2.4
945423 -0.4
1027344 -0.4
692706 -0.4
675093 -0.4
855329 -0.4
183589 0.0
240934 -0.4
216360 -0.4
1027371 -0.4
781612 -0.4
937264 0.0
568627 0.0
552497 -0.4
108425 -0.4
429371 -0.4
855357 -0.4
740675 -0.4
912711 -0.4
625992 -0.4
224585 -0.4
601421 0.0
150862 0.0
1011023 0.0
888154 -0.4
650587 -0.4
118109 -0.4
413023 -0.4
298337 -0.4
1019234 0.0
60775 -0.4
757100 -0.4
249201 -0.4
626035 -0.4
183669 -0.4
470392 0.0
118137 -0.4
912764 -0.4
839041 -0.4
961924 0.0
380294 -0.4
757128 -0.4
552172 -0.4
576909 0.0
363918 -0.4
904429 -0.4
77329 -0.4
445841 -0.4
109971 -0.4
535958 0.0
912792 -0.4
240710 -0.4
282013 -0.4
757156 -0.4
945573 0.0
929191 -0.4
363946 -0.4
445869 -0.4
825245 -0.4
1008200 -0.4
806323 -0.4
224694 -0.4
798135 -0.4
282041 -0.4
511420 -0.4
716221 -0.4
3521 -0.4
798146 -2.0
748996 -0.4
249286 -0.4
863687 -0.4
1035720 -0.4
724427 -0.4
372175 -0.4
556750 -0.4
986579 -0.4
616126 -0.4
36310 -0.4
511448 -0.4
486873 0.0
298466 -2.4
863715 -0.4
1035748 -0.4
167397 -0.4
995921 0.0
953834 0.0
372203 -0.4
522726 -0.4
60909 -2.4
708079 -0.4
1030514 0.0
257528 -0.4
725588 -4.4
583594 -0.4
1027584 -0.4
495105 0.0
55211 -0.4
1021690 -0.4
790028 -0.4
142862 -0.4
896529 -2.4
863762 -0.4
478739 -0.4
323760 -0.4
609813 -0.4
69142 0.0
36376 -0.4
421124 -0.4
478746 -0.4
232993 -2.0
380451 -0.4
639610 -0.4
790056 -0.4
208426 -0.4
462060 -0.4
142894 -0.4
831023 -0.4
519729 0.0
386995 -0.4
36404 -0.4
172638 -0.4
273981 0.0
380479 -0.4
290369 -0.4
208454 -0.4
220428 0.0
552522 -0.4
912971 -0.4
347725 -0.4
36432 -0.4
699985 -2.0
323155 -2.4
683606 -4.4
790105 -0.4
142940 0.0
683614 -0.4
486672 -2.4
1011298 -0.4
790117 -0.4
388369 -0.4
347753 -0.4
290411 -0.4
585330 -0.4
994933 0.0
667256 0.0
886719 -0.4
119402 -0.4
994944 -0.4
11906 -0.4
192133 -0.4
61063 -0.4
841385 -2.4
593546 -0.4
585358 -0.4
306832 0.0
306833 -0.4
69266 -0.4
683667 -0.4
855703 -0.4
683672 -0.4
454298 -0.4
1019547 -0.4
1019550 -2.4
528032 -0.4
765601 0.0
93859 146.88
869079 -0.4
700069 0.0
593574 -0.4
208551 0.0
396970 0.0
831147 0.0
814767 -2.4
126641 0.0
261178 -0.4
462516 -0.4
454326 -0.4
528060 -0.4
347837 -0.4
649163 -0.4
478916 -0.4
945863 -0.4
593609 -0.4
812748 0.0
995028 -0.4
1035990 0.0
667352 -2.4
347865 -0.4
724700 -0.4
896733 -0.4
28385 -0.4
85730 -2.4
233190 -0.4
863978 -0.4
174034 -0.4
77550 -0.4
254589 -0.4
716528 -0.4
814833 -0.4
913138 -0.4
347893 -0.4
438007 -2.0
642809 -0.4
28413 -0.4
192256 0.0
335923 -0.4
503556 -0.4
864006 -0.4
446216 -0.4
219095 -0.4
814861 -0.4
885379 -0.4
511771 -0.4
431125 -0.4
978717 -2.0
577310 -0.4
978224 -2.0
184098 0.0
886747 -0.4
675620 -0.4
115334 -4.4
28455 0.0
315177 -0.4
290602 -0.4
462639 -0.4
945968 -2.0
454449 -0.4
724787 -0.4
159544 0.0
454457 -0.4
880443 -0.4
226812 -0.4
298815 0.0
53059 -0.4
126788 -0.4
434127 -2.4
290633 -0.4
462667 -0.4
69452 -0.4
454477 -0.4
692046 -0.4
823120 0.0
454485 -0.72
511830 -0.4
184153 0.0
798556 0.0
53087 -0.4
978785 0.0
528230 0.0
462695 -0.4
561000 -0.4
454505 -0.4
225130 0.0
692075 -0.4
626540 -0.4
495471 -0.4
902496 -0.4
274292 -2.4
208757 -0.4
921591 -0.4
143225 -0.4
12155 -0.4
806782 -0.4
462723 -0.4
561028 -0.4
582294 -0.4
790407 0.0
20364 -0.4
20370 -0.4
44949 -0.4
565119 -2.4
446360 -0.4
757659 -0.4
817935 -0.4
569249 0.0
962469 -0.4
462760 -0.4
20398 -0.4
307119 -0.4
675760 -0.4
944234 -0.4
885407 -0.4
561084 -0.4
274365 -0.4
1498 0.0
962497 -0.4
20426 -0.4
380875 -0.4
129016 -0.4
69588 -2.0
561112 -0.4
274393 -0.4
20448 -0.4
585697 -0.4
774116 -0.4
790503 0.0
585704 -2.4
774823 -0.4
135153 -0.4
323572 -0.4
20469 -0.4
339958 -0.4
741367 -0.4
159736 -0.4
839673 -0.4
839674 -0.4
102396 0.0
864938 0.0
676364 -0.4
536576 -2.0
626689 -0.4
169985 -0.4
4108 -0.4
765966 -0.4
323600 -0.4
569361 -0.4
86034 -0.4
411651 -0.4
708628 -0.4
962584 -0.4
28697 -0.4
938010 0.0
118811 0.0
45085 -2.4
730376 -0.4
69663 -0.4
110625 0.0
774178 -0.4
814427 -0.4
848561 -0.4
389160 -0.4
495658 0.0
127019 -0.4
86062 -0.4
732559 -0.4
851294 -0.4
880697 0.0
413755 -0.4
948234 -0.4
266305 -2.4
610371 -0.4
86090 -0.4
954445 0.0
405585 -0.4
993294 -0.4
413783 -0.4
774234 -0.4
880732 -2.4
466277 -0.4
885435 -0.4
397418 -0.4
221912 -0.4
878610 -2.0
217200 -0.4
342035 -0.4
610425 -0.4
1003642 -0.4
938108 -0.4
651968 -0.4
372867 -0.4
249989 -0.4
757895 -0.4
175468 0.0
823439 -0.4
585875 -2.4
290964 -0.4
594069 0.0
926404 -0.4
364698 -0.4
78430 -0.4
905373 -2.0
372895 -0.4
1017883 -0.4
405669 -0.4
293383 -0.4
233645 -2.4
184496 -0.4
28849 -0.4
1003698 -0.4
708788 0.0
878546 -0.4
372923 -0.4
445813 -0.4
12485 -0.4
757958 -0.4
1028296 0.0
318839 -0.4
667852 0.0
28877 -0.4
291022 0.0
979157 -0.4
1036503 -0.4
897243 0.0
94431 0.0
594144 -0.4
577762 -0.4
78053 0.0
69862 -0.4
495849 0.0
536810 -0.72
807147 -0.4
930514 -0.4
807153 -0.4
1036531 -0.4
831734 -0.4
1003773 -0.4
299265 0.0
69890 -0.4
684291 -0.4
258310 0.0
430323 -2.4
528651 -0.4
28944 0.0
700689 -0.4
12562 -0.4
780334 -0.4
890549 -0.4
110876 -2.0
53535 -0.4
790875 -0.4
217392 -0.4
53563 -0.4
790847 -0.4
1003844 -0.4
828129 -0.4
373065 -0.4
217418 -0.4
61772 -0.4
463181 0.0
291152 -0.4
510008 -0.4
209235 -0.4
511374 -0.4
414042 0.0
569691 -0.4
495965 -0.4
414046 -0.4
143714 -0.4
921955 0.0
930149 -0.4
61800 -0.4
905580 -0.4
209263 -0.4
274801 -0.4
430451 -2.4
1020277 -0.4
569719 -0.4
201080 -3.92
495993 -0.4
930177 -0.4
438658 -0.4
504196 -0.4
598634 -0.4
766343 -0.4
119176 -0.4
266635 -0.4
1020305 -0.4
67651 -0.4
86422 -0.4
102807 0.0
979352 -0.464
78235 -0.4
487837 0.0
1003934 -0.4
283039 -0.4
504224 -0.4
119204 -0.4
889253 -0.4
766376 -2.0
954794 -0.4
299439 -0.4
463281 0.0
86450 -0.4
20915 -2.0
477257 -0.4
283380 -0.4
127733 0.0
324034 -0.4
930243 -0.4
741828 -0.4
790981 -0.4
954822 -0.4
389577 0.0
741834 -0.4
299467 -0.4
29134 -0.4
741839 -0.4
561616 -0.4
836345 -0.4
889309 -0.4
306597 -0.4
528866 -0.4
172795 -0.4
14337 -0.4
143846 -0.4
479719 0.0
676329 -0.4
684523 0.0
250351 0.0
676336 -0.4
368040 -0.4
291321 -0.4
514621 -0.4
692734 -0.4
446975 -0.4
864773 -0.4
446983 -0.4
758284 0.0
397840 -0.4
160276 -2.4
397745 0.0
848412 -0.4
856605 0.0
389678 -0.4
807472 -2.4
496179 -0.4
561719 -0.4
733755 -0.4
660028 -0.4
815679 146.88
448608 -0.4
258628 -0.4
668231 -0.4
512586 -0.4
446955 -0.4
627281 -2.4
954964 -0.4
610905 -0.4
807517 -0.4
1004126 -0.4
510053 -2.4
176736 -0.4
660240 -0.4
168721 -0.4
331196 -0.4
1012330 0.0
344179 -0.4
512621 -0.4
389742 -0.4
1020527 0.0
143987 -0.4
987765 -0.4
119415 -0.4
155189 -0.4
619133 -0.4
921344 0.0
479871 -0.4
922241 -0.4
111234 -0.4
299657 0.0
930447 -0.4
1022547 -0.464
399239 0.0
848533 -0.4
1045142 -0.4
922269 -0.4
389790 -0.4
107291 -2.4
266917 0.0
665713 -2.4
381608 -2.4
365226 -0.4
234161 -0.4
186197 -0.4
856762 -0.4
1004224 0.0
168643 -0.4
709319 -0.4
561864 -0.4
717513 -0.4
332492 -0.4
324303 0.0
422610 -2.4
635606 -0.4
283352 -0.4
742105 -0.4
946914 -0.4
168675 -0.4
488165 0.0
1020646 -2.4
127720 -0.4
817963 -0.4
627434 0.0
144107 -0.4
537331 -0.4
537332 -0.4
504565 -0.4
807675 -0.4
316156 0.0
282069 -0.4
135936 0.0
996099 -0.4
127748 -0.4
783109 -0.4
996091 -0.4
799500 -2.4
971533 -0.4
537359 -0.4
742160 -0.4
504593 -0.4
979731 -0.4
455444 -0.4
111384 -2.4
21273 0.0
86810 0.0
594717 -2.0
514181 -0.4
127776 -0.4
783137 -0.4
439075 -2.4
480039 -0.4
971561 -0.4
796807 -0.4
504621 -0.4
258862 0.0
288904 -0.4
807731 -0.4
275255 0.0
422717 -0.4
389952 -0.4
5091 -0.4
578372 -0.4
971589 -0.4
922438 -0.4
668492 -0.4
226125 -0.4
70490 -0.4
471901 0.0
922466 -0.4
717667 -0.4
1013825 -0.4
119655 -0.4
971635 0.0
553844 -0.4
922489 -0.4
971645 -0.4
734079 -0.4
119683 -0.4
775045 -0.4
324489 -0.4
596119 -0.4
209804 -0.4
692678 -0.4
488335 -0.4
553872 -0.4
119698 -2.4
86366 -0.4
922517 -0.4
865174 0.0
431000 0.0
971673 -0.4
1023471 -0.4
586652 0.0
168863 -0.4
250785 -0.4
717730 -0.4
137371 -0.4
1029028 -0.4
324517 -0.4
515569 -0.4
209832 -0.4
725929 -0.4
226219 -0.4
209836 -0.4
490994 -0.4
477341 -0.4
922545 -0.4
725942 -0.4
447423 0.0
324545 -0.4
242629 -0.4
358561 -0.4
1020872 -0.4
455500 -0.4
29644 -0.4
594895 0.0
365520 -2.4
785912 0.0
816087 -0.4
324570 -0.4
291804 0.0
242657 -0.4
504802 0.0
160739 0.0
324581 -0.4
545768 -0.4
649383 0.0
529392 0.0
783347 -0.4
152567 -0.4
750585 0.0
564830 -0.4
1011123 -0.4
816126 -0.4
865279 0.0
824323 -0.4
791556 -0.4
791558 -0.4
611337 -0.4
603148 -0.4
260269 0.0
668689 -0.4
472085 -0.4
873496 -0.4
259098 -0.4
898076 -0.4
1037342 -0.4
783391 -0.4
554018 0.0
619556 -0.4
611365 -0.4
201768 0.0
635946 -0.4
668717 -0.4
791598 -0.4
62511 -0.4
439346 -0.4
267316 -2.4
259126 -0.4
549727 -0.4
840765 0.0
1001557 0.0
947266 0.0
668745 -0.4
332874 -0.4
422987 0.0
267681 -2.4
406610 0.0
987373 -2.4
439380 -0.4
914522 0.0
390235 -0.4
685157 -0.4
759873 0.0
595047 -0.4
742504 0.0
906348 -0.4
955505 -0.4
29810 -0.4
830995 0.0
373878 -2.4
390263 -0.4
898168 -0.4
930937 -0.4
29818 0.0
267388 -0.4
312170 0.0
364053 -0.4
865414 -0.4
996490 -0.4
947340 -0.4
955533 -0.4
29838 -0.4
603285 -0.4
187577 -0.4
799898 -0.4
445978 -2.4
218273 -0.4
242852 0.0
668838 -0.4
955561 -0.4
87213 -0.4
971951 0.0
799926 -0.4
805065 -0.4
824504 -0.4
369524 -0.4
988347 -2.4
193724 -0.4
586945 -0.4
603333 -0.4
152784 -0.4
650787 -0.4
70874 -0.4
210141 0.0
824542 -0.4
349411 0.0
685287 -0.4
251115 -0.4
537837 -0.4
431347 -0.4
423161 0.0
824570 -0.4
382204 -0.4
93738 -0.4
849150 0.0
455939 0.0
963844 -0.4
652549 -0.4
709894 -0.4
816391 -0.4
300297 -0.4
689026 -2.4
103694 -0.4
1004815 -0.4
529682 -0.4
152851 -0.4
93742 -0.4
349462 -0.4
996634 -0.4
406811 -0.4
513309 -2.4
709922 -0.4
816419 -0.4
100564 -0.4
300325 -0.4
347697 -0.4
103722 -0.4
708051 -0.4
800053 -0.4
996662 -0.4
570679 -0.4
46399 -0.4
300353 -0.4
537924 -0.4
152902 -0.4
87370 -0.4
628046 0.0
79184 -2.0
570707 -0.4
922966 0.0
160655 -0.4
300381 -0.4
537952 -0.4
152930 -0.4
742755 0.0
264422 -0.4
234858 -0.4
660843 -0.4
374124 -0.4
685423 -0.4
67560 -0.4
300409 -0.4
5499 -0.4
152958 -0.4
13205 0.0
980352 0.0
226691 -0.4
428179 -0.4
234886 -0.4
218505 -0.4
161163 -0.4
425538 -2.4
136590 -0.4
54674 -0.4
718229 0.0
210326 -0.4
5527 -0.4
931225 -0.4
152986 -0.4
177566 -0.4
144801 -2.4
136610 -0.4
142918 -0.4
939434 0.0
1029548 -0.4
259502 -0.4
439727 0.0
185776 -0.4
701873 -0.4
153014 -0.4
77385 -0.4
177594 -0.4
808379 -0.4
193982 -0.4
947649 -0.4
431557 -0.4
267719 -2.4
783817 -0.4
552525 -0.4
751059 -0.4
554453 0.0
947108 0.0
595421 -0.4
619999 -0.4
832992 -2.0
1029603 -0.4
54756 -0.4
145034 -0.4
480744 -2.4
693739 -2.4
349679 -2.0
103921 -0.4
120308 -0.4
128501 0.0
988662 -0.4
595449 -0.4
62970 0.0
628220 -2.4
300542 -0.4
660993 -0.4
455595 -0.4
177668 -0.4
937558 0.0
513544 -0.4
136713 -0.4
144907 -0.4
407052 -0.4
480784 -0.4
988690 -0.4
918374 -0.4
54806 -0.4
405081 -0.4
456218 -0.4
647774 0.0
661021 -0.4
685598 0.0
477285 -0.4
767527 0.0
839260 0.0
587307 -0.4
194093 -0.4
390705 -0.4
54834 -0.4
1029684 0.0
489013 -0.4
579127 -0.4
95800 -0.4
284219 0.0
316990 -0.4
972353 -0.4
431682 -0.4
554563 -0.4
601948 -0.4
718410 -0.4
292428 -0.4
906829 -0.4
46672 -0.4
489041 -0.4
71250 -0.4
95828 -0.4
513624 0.0
564836 -0.4
734810 -0.4
276059 -2.0
194143 -2.4
996962 -0.4
513636 -0.4
105212 -0.4
1038401 0.0
549302 -0.4
251497 -0.4
489069 -0.4
71278 -0.4
267890 0.0
857718 -0.4
977172 0.0
726655 -0.4
202369 -0.4
439938 0.0
415365 -2.0
71306 -0.4
620175 0.0
947862 -2.4
816796 -0.4
87711 0.0
608539 0.0
71334 -0.4
521895 -0.4
431784 -0.4
162076 -0.4
226247 -0.4
908915 -0.4
1029813 -0.4
695924 -0.4
775867 -0.4
530108 -2.4
405109 -0.4
816832 0.0
423619 -0.4
202440 -0.4
545740 -0.4
489163 0.0
276178 -0.4
225683 0.0
571098 -0.4
636639 0.0
587488 0.0
333537 -0.4
903105 -0.4
855675 -0.4
988902 -0.4
399084 0.0
481007 0.0
190761 0.0
882426 -0.4
907004 0.0
308991 -2.4
390914 -0.4
354603 -2.4
541654 -0.4
112395 0.0
481039 -2.4
468564 -0.4
382738 -0.4
315806 -0.4
156633 -0.4
923416 0.0
360068 -0.4
14108 -0.4
415518 146.88
849697 -0.4
964388 -0.4
63270 -0.4
46888 -0.4
290439 -0.4
448301 -0.4
909175 -0.4
522033 -0.4
816946 -0.4
816947 0.0
939836 -0.4
210750 -0.4
46916 -0.4
299771 0.0
595785 -0.4
571212 0.0
161614 -2.4
1013583 -2.0
677713 -0.4
595794 -0.4
226275 -0.4
358228 -0.4
603989 -2.4
145238 0.0
825175 -0.4
972633 -0.4
93840 -0.4
374631 -0.4
243563 -0.4
341869 -0.4
644974 -0.4
907119 -0.4
825203 -0.4
382837 0.0
46972 -0.4
350082 0.0
644995 -0.4
210820 0.0
245398 -0.4
300935 -0.4
505738 -0.4
964501 -0.4
653213 -0.4
595880 -2.4
464811 -0.4
112556 0.0
325552 -0.4
964529 -0.4
366514 -0.4
702387 -0.4
497591 -2.4
825273 -0.4
866238 -0.4
481219 -2.4
55239 -0.4
797004 -0.4
513994 -0.4
964557 -0.4
366542 -0.4
612303 -0.4
448464 0.0
677842 -0.4
851619 -0.4
472057 -0.4
301018 -0.4
587739 -0.4
407520 -0.4
187605 -0.4
55267 -0.4
661479 -0.4
226300 -0.4
686063 -0.4
301046 -0.4
301048 -0.4
1013753 0.0
455679 -0.4
407548 -0.4
571389 -0.4
55295 -0.4
456705 -2.4
833546 0.0
444759 0.0
825357 -0.4
571411 -0.4
129044 -0.4
71705 0.0
646831 -0.4
628768 -0.4
989217 -0.4
618161 -0.4
290992 -0.4
633181 -0.4
964657 0.0
994995 -0.4
604213 0.0
866360 -0.4
882746 -0.4
448571 -0.4
628796 -0.4
1013823 -0.4
989249 -0.4
186436 -0.4
432311 -0.4
31411 -0.4
1038412 -0.4
563283 -2.0
989268 -0.4
956503 0.0
79962 -0.4
1013851 -0.4
989277 -0.4
1005662 -0.4
511402 -0.4
186464 -0.4
342117 -0.4
765090 -2.0
276587 -0.4
522349 -0.4
499389 -0.4
989296 -0.4
129138 0.0
579701 -2.0
194679 -2.4
989305 -0.4
211686 -0.4
186492 -0.4
948351 -0.4
579715 -0.4
415876 0.0
235653 -0.4
628872 0.0
759950 -0.4
424079 -0.4
226328 -0.4
653459 -0.4
1030295 -0.4
709444 -0.4
391323 0.0
252061 -0.4
710815 -0.4
30881 0.0
431132 -2.4
405191 -2.0
96429 -0.4
517149 -0.4
653492 0.0
71861 -0.4
137399 -0.4
1013944 -0.4
252089 -0.4
312001 -0.4
350398 -2.4
80063 -0.4
374980 -0.4
680993 -0.4
194764 -0.4
6349 -0.4
194769 -0.4
252116 -0.4
702677 -0.4
412025 -0.4
481496 -0.4
401139 -0.4
932065 -2.0
162020 -0.4
6377 -0.4
194797 -0.4
784622 146.87606784
603176 -0.4
366836 -0.4
579966 -0.4
276726 0.0
912943 -0.4
407805 0.0
162048 -0.4
293122 -2.4
440581 -0.4
227592 -0.4
825609 -0.4
784650 -0.4
579854 -0.4
70701 -0.4
1030417 -0.4
332846 -0.4
192217 -0.4
760090 -0.4
637804 -2.4
529412 -0.4
694560 -0.4
825637 -0.4
407846 -0.4
850215 0.0
432424 -0.4
339676 -0.4
579882 -0.4
1030445 -0.4
710960 -0.4
555315 -0.4
162104 -0.4
226356 -0.4
453002 -0.4
71998 -0.4
465216 -0.4
579910 -0.4
309576 -0.4
178505 0.0
424267 0.0
137549 -0.4
77413 -0.4
473424 -0.4
162132 -0.4
88405 -0.4
153944 -0.4
747755 -0.4
334175 -0.4
530785 -0.4
579938 -0.4
162147 0.0
194916 -0.4
6501 -0.4
309612 -2.4
104816 -2.4
588145 -0.4
47474 0.0
153972 -0.4
137596 -0.4
391549 -2.4
894671 -0.4
547203 -0.4
432516 -0.4
248214 146.8783616
817542 0.0
735624 0.0
465289 -0.4
366987 -0.4
154000 -0.4
522641 -0.4
579994 -0.4
290543 -2.0
254997 -0.4
162205 -2.0
276895 -2.4
973216 -0.4
790256 -0.4
293276 -0.4
244138 -0.4
743853 -0.4
981422 -0.4
536782 -0.4
370589 -0.4
219571 -0.4
465333 -0.4
260534 -0.4
113082 -0.4
1046971 0.0
833980 -0.4
866750 -0.4
708341 -0.4
22976 -0.4
1014210 -0.4
939083 0.0
940484 -0.4
981450 -0.4
555469 -0.4
940494 -0.4
219599 -0.4
948688 -0.4
260562 -0.4
113110 -0.4
23004 -0.4
909050 0.0
121310 -0.4
313765 -0.4
940512 -0.4
226384 -0.4
317922 0.0
203237 -0.4
113126 -0.4
940522 -0.4
817649 -0.4
588275 -0.4
743926 0.0
581375 -0.4
39420 -0.4
834045 -0.4
424446 -2.0
216832 -2.4
449027 -0.4
498183 -0.4
236041 -0.4
760336 0.0
113169 -0.4
268818 -0.4
457237 -0.4
465430 -0.4
1006104 -0.4
687907 -0.4
825882 -0.4
1047069 -0.4
391711 -0.4
1014308 -0.4
441312 0.0
866860 -0.4
679688 -2.0
178739 -0.4
547380 -0.4
653877 -0.4
1047097 -0.4
195133 -0.4
416318 -0.4
563780 -0.4
612933 -2.0
866888 -0.4
244299 -2.4
664674 -2.4
249613 -0.4
918627 -0.4
514649 -0.4
737039 -0.4
201829 -0.4
563808 -0.4
973244 -0.4
326250 -0.4
267367 -0.4
514672 -2.4
580210 -0.4
662131 -0.4
531060 0.0
514677 -0.4
89876 -0.4
350844 -0.4
81685 -0.4
788928 -0.4
1003520 -0.4
580231 0.0
211593 -0.4
711307 -0.4
453058 -0.4
580238 -0.4
449167 -0.4
547483 0.0
325929 -0.4
547488 -0.4
129698 -0.4
424614 -0.4
711335 -0.4
473768 -0.4
129705 -0.4
898162 -0.4
522927 -0.4
1047216 0.0
137905 -0.4
1014451 -0.4
309941 -0.4
957110 -2.4
252602 -0.4
547516 -0.4
416446 -0.4
686784 -0.4
424642 -0.4
375491 -2.4
473796 -0.4
56005 -0.4
703177 -0.4
211658 -0.4
522955 -0.4
318158 0.0
1014479 -0.4
580307 -0.4
1006299 -0.4
266021 -0.4
1047270 -0.4
850663 -0.4
293608 0.0
1014505 0.0
1014507 -0.4
104914 -0.4
817904 -0.4
695026 -0.4
555763 -0.4
785140 0.0
416502 -0.4
1006327 -0.4
727804 -0.4
719617 -0.4
989956 -0.4
31495 -0.4
785161 -0.4
631938 -0.4
555791 -0.4
400144 -0.4
930419 -0.4
183191 -0.4
105240 -0.4
776989 -0.4
391966 0.0
31523 -0.4
785189 -0.4
506663 -0.4
834346 -0.4
500871 -0.4
139058 -0.4
1010141 -0.4
187185 0.0
666078 -0.4
629559 -0.4
137695 -0.4
449343 0.0
965440 0.0
39392 -0.4
359234 -0.4
506691 -0.4
482116 -0.4
785222 -0.4
1014599 -0.4
72520 -0.4
252747 -0.4
252749 -0.4
595085 -2.4
465744 -0.4
798520 0.0
98105 0.0
793433 -0.4
1014619 -0.4
113500 0.0
226097 -0.4
564062 -2.0
424799 -0.4
285536 -0.4
768869 -0.4
670566 0.0
981865 -0.4
736106 0.0
441196 -0.4
744301 -0.4
129902 0.0
329755 -0.4
613233 -0.4
654194 -0.4
64372 -0.4
1014647 -0.4
973690 -0.4
424827 -0.4
947349 -0.4
408448 -2.0
252805 -0.4
383879 -0.4
801672 0.0
744329 -0.4
187275 -2.0
113549 -0.4
842638 -2.0
310160 -0.4
924561 -0.4
482194 -0.4
167747 -2.4
1039255 -0.4
1039258 -0.4
408480 -0.4
383907 -0.4
744357 -0.4
219633 0.0
113577 -0.4
834475 -0.4
639638 -0.4
268787 -0.4
392116 -2.4
981942 -0.4
326583 -0.4
949181 0.0
744385 -0.4
474050 -0.4
113605 -0.4
719815 -2.4
146376 -0.4
560972 -0.4
494071 0.0
457676 -0.4
326605 -0.4
585549 -2.4
499534 -2.4
695257 -0.4
973786 -2.4
1039323 -0.4
629724 -2.0
744413 -0.4
908256 0.0
113633 -0.4
146404 -0.4
64488 -0.4
269290 -0.4
220139 -0.4
97260 -0.4
580589 -0.4
523249 -0.4
277490 -0.4
973814 0.0
687096 -0.4
850937 -0.4
367613 -0.4
261122 -0.4
534074 -0.464
48133 -0.4
662534 -0.4
627885 -0.4
64529 -0.4
130066 -4.4
867347 0.0
875540 -0.4
113685 -0.4
64534 -0.4
367641 -0.4
245594 -0.4
261150 -0.4
48161 -0.4
637987 -0.4
465956 -0.4
416807 -0.4
769064 0.0
408617 -0.4
23594 -0.4
252971 0.0
113713 -0.4
293938 -0.4
457779 -0.4
367669 -0.4
343095 -0.4
203832 -0.4
738484 0.0
580666 -0.4
818235 0.0
48189 -0.4
769097 -0.4
130122 -0.4
113741 -0.4
293966 -0.4
457807 -0.4
367697 -0.4
580691 0.0
261206 -0.4
785495 -0.4
812315 -2.4
588890 -0.4
146523 -0.4
580702 0.0
875616 -0.4
121955 -0.4
670820 -2.4
769125 -0.4
916582 -0.4
113769 -0.4
15466 -0.4
457835 -0.4
367725 -0.4
132285 -0.4
253041 -0.4
818290 0.0
883827 0.0
837758 -0.4
146551 -0.4
433274 -0.4
9407 0.0
692074 -0.4
162943 0.0
769153 -0.4
916610 -0.4
646277 -0.4
181441 -0.4
744585 0.0
343180 0.0
705386 -0.4
973966 0.0
146579 -0.4
15508 -0.4
654488 0.0
632004 -0.4
89242 -0.4
367771 -0.4
43546 -0.4
916638 -0.72
859298 -0.4
791586 -0.4
711852 -0.4
187567 -0.4
220337 0.0
539833 -0.4
916666 -0.72
56507 0.0
261310 -0.4
662719 -0.4
859330 -0.4
189643 -0.4
384201 -0.4
294775 -0.4
941260 -2.4
916689 -0.4
498899 -0.4
318676 0.0
539861 -0.4
916694 -0.4
44921 -0.4
998616 -0.4
629977 -0.4
662747 -0.4
318689 -0.4
916717 -0.4
662775 -0.4
253179 -0.4
621171 -2.4
32003 -2.4
343302 -0.4
947621 -0.4
761098 -0.4
507148 -0.4
457704 -0.4
531734 -2.0
253207 -0.4
924952 0.0
109361 -0.4
790405 0.0
343330 -0.4
498225 -0.4
335144 -0.4
802090 -0.4
302381 -0.4
859442 -0.4
711988 -0.4
1023290 -0.4
23867 0.0
605500 -0.4
851266 -0.4
220483 0.0
474437 0.0
146760 -0.4
630089 -0.4
826699 -0.4
89421 -0.4
318798 -0.4
236880 -0.4
1006934 0.0
605528 -0.4
89433 -2.4
318811 -0.4
646493 -2.4
261470 0.0
974177 -0.4
908645 -0.4
739900 -0.4
318826 -0.4
521447 -0.4
294254 -0.4
875887 0.0
367984 -0.4
171377 -0.4
458643 -0.4
671093 -0.4
941430 -0.4
548215 -2.4
1006968 -0.4
523644 -0.4
974205 -0.4
346688 -0.4
417155 -0.4
368012 -0.4
171405 -0.4
300269 -0.4
318867 -0.4
474516 -0.4
581015 0.0
277914 -0.4
122267 -0.4
646556 -0.4
769441 -0.4
826786 -0.4
794021 -0.4
204200 -0.4
171433 -0.4
1015211 -0.4
81326 -0.4
335281 -0.4
307147 -0.4
294815 -2.0
368063 0.0
712128 -0.4
368068 -0.4
1015239 -0.4
498253 -0.4
671188 -0.4
875886 -0.4
605656 -0.4
204250 -0.4
179675 -2.4
712156 -0.4
372942 -0.4
89571 -0.4
458213 0.0
966121 -0.4
181501 0.0
490993 -0.4
155122 0.0
97779 -0.4
286196 -0.4
826869 -0.4
490998 0.0
712184 -0.4
351737 -0.4
564808 -0.4
769542 -2.4
704007 -0.4
286219 -0.4
48653 -0.4
491022 -0.4
974351 -0.4
578819 -0.4
679444 -0.4
351765 -0.4
359958 -0.4
171545 -0.4
548783 -0.4
48668 0.0
623877 -0.4
851488 -0.4
663075 0.0
363100 0.0
491050 -0.4
638507 -0.4
1023532 -0.4
441901 -2.4
597550 -0.4
351793 -0.4
360371 -0.4
171573 -0.4
521481 0.0
835129 0.0
412255 -0.4
695868 -0.4
204350 0.0
466869 -0.4
695874 -0.4
565174 0.0
1023560 -0.4
441930 -0.4
97867 -0.4
982548 -0.4
263437 -0.4
845070 0.0
251143 -0.4
908887 -0.4
695896 -0.4
335450 -0.4
431375 -0.4
695902 -0.4
310881 -0.4
179811 -0.4
114276 0.0
818791 -0.4
245361 0.0
294515 -0.4
810612 -0.4
704446 -0.4
564858 -0.4
310909 -0.4
283408 -0.4
482943 -0.4
482945 -0.4
728706 -0.4
425604 -2.4
990854 -0.4
436754 -0.4
229007 0.0
130707 -0.4
97940 -0.032768
564886 -0.4
761503 -0.4
990882 -0.4
990883 0.0
368293 -0.4
491175 -0.4
810667 -0.4
903794 -0.4
980253 0.0
245426 -0.4
449139 -0.4
270006 -0.4
621172 -0.4
991178 -0.4
515774 -0.4
974528 -0.4
368321 -0.4
278475 -0.4
797303 -0.4
917196 -0.4
245454 -0.4
270034 -0.4
114638 -0.4
818903 -0.4
730404 -0.4
516047 0.0
368349 -0.4
302815 0.0
515810 -0.4
581347 -0.4
540391 -2.4
917224 -0.4
563836 -0.4
245482 -0.4
644391 -0.4
892652 -0.4
589551 -0.4
425712 -2.4
818931 -0.4
1025926 -0.4
974584 -0.4
368377 -0.4
802554 0.0
687871 -0.4
80735 -0.4
696067 -0.4
368388 -0.4
245510 -0.4
450311 -0.4
892680 -0.4
548617 -0.4
40714 -0.4
212951 -0.4
990988 -0.4
827149 -0.4
401166 -0.4
818959 -0.4
835345 -0.4
974612 -0.4
368405 -0.4
20441 -0.4
540442 -0.4
696095 -0.4
155424 -0.4
450339 -0.4
40742 -0.4
728873 -0.4
794410 -0.4
474927 -0.4
827184 0.0
368433 -0.4
417586 -0.4
827190 -0.4
376631 0.0
851768 -0.4
687929 -0.4
393019 -0.4
409409 -0.4
343876 -2.0
223406 -0.4
433991 -0.4
32584 0.0
556874 0.0
738615 -0.4
368461 -0.4
188238 -2.0
827218 -0.4
180195 0.0
946148 0.0
1015642 -2.4
409437 -0.4
786272 -0.4
651672 -0.4
434019 -0.4
1015654 -0.4
458602 -0.4
966631 -0.4
810860 -0.4
204662 0.0
401271 -0.4
409465 -0.4
475004 -0.4
319358 -2.4
24447 -0.4
819074 -0.4
1048451 -2.4
507785 -0.4
319371 -0.4
606093 -0.4
401299 -0.4
81814 -0.4
532383 -0.4
237553 -0.4
786344 0.0
991150 -0.4
516015 -0.4
122802 -2.0
868275 0.0
1048501 -0.4
671670 -0.4
1015738 -0.4
532411 -0.4
177482 -0.4
622526 -0.4
835522 0.0
606149 -0.4
335818 -0.4
548811 -0.4
344012 -2.0
630734 -0.4
188367 0.0
106448 -2.0
466897 -0.4
1048534 -0.4
532439 -0.4
622554 -0.4
925662 -0.4
770016 0.0
442337 -0.4
868322 -0.4
303075 -0.4
237540 -2.4
912038 -0.4
180198 0.0
548839 -0.4
587027 -4.4
116750 -0.4
466924 -0.4
475118 0.0
442365 -0.4
707240 -0.4
81909 -2.4
212983 -0.4
286715 -2.0
1007613 0.0
303103 -0.4
