114689 -2.0
622594 -0.4
160669 -0.4
252588 -0.4
303117 -0.4
132440 -0.4
630803 0.0
466966 -0.4
90136 -0.4
933913 0.0
925726 -0.4
253983 -0.4
729121 146.88
450597 -0.4
983078 0.0
696360 -2.0
547506 0.0
311343 0.0
1024049 -0.4
466994 -0.4
966707 0.0
819252 0.0
155701 -0.4
753718 0.0
65592 0.0
704570 -0.4
671804 -0.4
729149 -0.4
318133 0.0
434245 -0.4
673775 -0.4
920247 -0.4
983116 -0.4
311378 -0.4
884820 -2.0
360534 0.0
98394 -0.4
589915 0.0
467037 -0.4
745566 -0.4
249599 -0.4
434273 -0.4
483426 -0.4
442469 -0.4
237673 -0.4
524395 -0.4
311406 -0.4
522941 -0.4
491632 -0.4
893043 -0.4
647284 -0.4
155765 -0.4
98422 -0.4
827511 -0.4
123001 -0.4
450682 -0.4
1015933 -0.4
73861 -0.4
827526 -0.4
31425 -0.4
352393 0.0
417930 -0.4
821954 -0.4
824685 0.0
647317 -0.4
450710 -0.4
1015961 -0.4
460143 -0.4
311452 -0.064
311453 0.0
770206 0.0
49311 0.0
557217 -0.4
475310 -0.4
315421 -0.4
450738 -0.4
303284 -0.4
590005 0.0
868535 -0.4
409789 0.0
727790 -0.4
311491 -0.4
426017 -0.4
475338 -0.4
983244 -0.4
344270 -0.4
581841 -0.4
868563 -0.4
630997 -0.4
885393 -0.4
680157 -2.4
622816 -0.4
540900 -0.4
65769 -0.4
283366 -0.4
827628 -0.4
868591 -0.4
82161 0.0
172276 -0.4
937016 -0.4
622844 -0.4
441916 -0.4
819456 -0.4
205058 -0.4
270596 -0.4
139529 -0.4
368906 0.0
868619 -0.4
868620 -2.4
525698 -0.4
319533 0.0
211672 -0.4
647444 -0.4
139541 -0.4
532761 -0.4
786714 -0.4
623863 -0.4
270624 -0.4
508193 -0.4
385315 -0.4
393514 -0.4
352555 -2.4
155951 -0.4
49457 0.0
311347 0.0
385333 -0.4
917815 -0.4
500030 0.0
639295 -0.4
647488 -2.4
931211 -0.4
311350 -0.4
131399 0.0
155979 -0.4
106831 -0.4
426324 -2.4
205144 -0.4
925754 -0.4
311646 -4.4
573793 -0.4
500069 -0.4
156007 -0.4
647228 -0.4
901483 -0.4
246124 -0.4
49517 -0.4
565615 0.0
65908 0.0
598389 -0.4
254326 -0.4
16768 0.0
500097 -0.4
704901 0.0
445855 -0.4
4161 -0.4
537940 -0.4
967051 -0.4
819596 -0.4
401805 -0.4
139663 0.0
254354 -0.4
288890 -0.4
139675 -2.0
500125 -0.4
172449 -0.4
926116 -2.4
868774 -0.4
16808 -0.4
229802 -0.4
377265 0.0
1040819 0.0
471113 -0.4
262585 -0.4
213437 -0.4
778686 0.0
565698 0.0
16836 -0.4
229830 -0.4
436740 -0.4
785175 -0.4
127054 -0.4
360920 -0.4
106972 0.0
303582 -0.4
328162 -0.4
785147 -0.4
229860 -4.0
942565 -2.0
877034 0.0
721387 -0.4
311788 -0.4
606701 -0.4
498 -0.4
360948 -0.4
926199 -0.4
704596 -0.4
803325 0.0
516608 -0.4
172548 0.0
680455 0.0
526 -0.4
577624 0.0
926227 -0.4
197149 -0.4
598559 0.0
827940 0.0
459301 -0.4
459302 0.0
397404 -0.4
287274 -2.4
93728 -0.4
647261 -0.4
385585 -2.4
450654 -0.4
950841 -0.4
410170 0.0
8763 -0.4
186422 -0.4
762435 -0.4
41546 -0.4
541259 0.0
631374 -0.4
81036 0.0
254547 -0.4
950869 -0.4
1040983 -0.4
746073 -0.4
776975 -0.4
598620 -0.4
516702 -0.4
344165 -0.4
262753 -0.4
931259 0.0
615012 0.0
787050 -0.4
98923 0.0
877164 -0.4
254575 -0.4
107120 -0.4
33393 -0.4
90738 -0.4
885365 -0.4
631414 0.0
434808 -0.4
1041019 -0.4
688765 0.0
844415 -0.4
393857 -0.4
647275 -0.4
967301 -0.4
483974 -0.4
582280 -0.4
1003628 -0.4
172682 -0.4
48304 -0.464
647821 0.0
1000081 -0.4
328343 -0.4
239044 -0.4
844443 -0.4
762525 -0.4
860830 -0.4
754336 0.0
56092 -2.4
1000109 -0.4
221870 -0.4
817949 -0.4
402097 -0.4
819890 -0.4
311987 -0.4
926390 -0.4
844471 -0.4
1024698 -0.4
1024708 0.0
631496 -0.4
173516 -0.4
221898 -0.4
787155 -0.4
950999 -0.4
926428 -2.4
571231 -0.4
885477 -0.4
557799 0.0
787176 -4.4
582377 -2.0
893675 -0.4
262893 -0.4
828143 -0.4
369392 0.0
647925 -0.4
41718 0.0
629545 -0.4
697081 -2.4
451328 -0.4
328449 -0.4
672516 -0.4
95702 -0.4
492294 0.0
893703 -0.4
715807 -0.4
172809 -0.4
177880 -2.0
107277 -2.4
951055 -0.4
271120 0.0
58840 -0.4
500498 0.0
582419 0.0
434964 0.0
267353 -0.4
860953 -0.4
647963 0.0
80770 -0.4
221986 -0.4
647971 -0.4
951081 -0.4
573575 0.0
328492 0.0
631602 -0.4
475956 0.0
33589 -0.4
361271 0.0
287545 -2.4
893754 0.0
361275 -2.0
967484 -0.4
115517 -0.4
951103 -0.4
239072 -0.4
238403 -0.4
860998 -0.4
144865 -0.4
967496 -0.4
975689 0.0
369482 -0.4
183095 -0.4
738125 -0.4
33617 -0.4
648018 -0.4
455575 -0.4
435031 0.0
459608 -0.4
877402 0.0
516955 0.0
131932 -0.4
238431 -0.4
99171 0.0
443237 -0.4
369510 -0.4
369515 -0.4
893804 -0.4
33645 -0.4
844657 -0.4
140146 -2.0
287603 -0.4
459636 -0.4
878057 0.0
1008506 -0.4
225429 0.0
1041280 -0.4
140162 -2.4
321003 -0.4
631685 -0.4
861064 -0.4
820108 -0.4
320403 -0.4
30190 -0.4
1008534 -0.4
942999 -0.4
582554 -0.4
639899 -2.4
484252 -0.4
369566 -0.4
557984 -0.4
689063 0.0
508841 0.0
705451 0.0
246703 -2.0
584357 -0.4
419298 -0.4
779188 -0.4
912201 -0.4
50111 -0.4
492484 -0.4
677366 -0.4
607176 0.0
156619 -0.4
673805 0.0
290978 -0.4
943055 -0.4
869331 -0.4
902100 0.0
771030 -0.4
607193 -2.4
207695 0.0
451548 -2.4
418784 -0.4
361979 0.0
541668 -0.4
156647 -0.4
25576 0.0
820201 -0.4
213994 -2.4
943083 -0.4
482130 -0.4
447997 -0.4
369650 0.0
183123 -0.4
492533 -0.4
410616 -0.4
771583 -2.4
418812 -0.4
801469 -0.4
436486 -2.0
108033 -0.4
402440 -0.4
1016842 -0.4
254987 -0.4
372928 -0.4
517135 -0.4
525331 -0.4
418840 -0.4
988676 -0.4
738331 -0.4
82973 -0.4
836641 0.0
981851 -0.4
361509 0.0
795687 -0.4
681007 -0.4
361522 0.0
476211 -0.4
1015989 -0.4
123974 -0.4
643255 0.0
197710 0.0
1103 -0.464
816782 -0.4
975956 -0.4
943189 -0.4
912228 -0.4
279645 -0.4
336990 -0.4
894049 -0.4
548603 -0.4
730223 -0.4
975984 -0.4
631924 -0.4
1006441 -0.4
828536 0.0
926841 -0.4
156798 -0.4
1003712 -0.4
124035 0.0
517253 0.0
1158 -0.4
550025 0.0
83085 -0.4
474007 -0.4
637805 -0.4
263314 -0.4
1016980 -0.4
99480 -0.4
345244 -0.4
639624 -0.4
512325 -2.4
714268 -0.4
66730 -0.4
995527 -0.4
369838 -0.4
898589 0.0
394419 -0.4
631990 -0.4
1036489 -0.4
345272 -0.4
811210 -2.4
607422 -0.4
795839 -0.4
624160 -0.4
132293 -0.4
689357 -0.4
312532 -0.4
517333 -4.4
885974 -0.4
582872 -0.4
954780 -0.4
992475 -2.4
868308 -0.4
345309 -2.4
897223 -0.4
222433 -2.4
221393 -0.4
132328 -0.4
869927 -0.4
460012 0.0
869617 -0.4
66802 -0.4
1000691 -0.4
1041652 -0.4
959733 0.0
984310 -0.4
484599 -0.4
946388 -0.4
9466 -0.4
296188 0.0
693802 -2.4
214271 0.0
746758 -0.4
48001 0.0
378120 0.0
534060 -0.464
738573 -0.4
943381 0.0
9494 -0.4
99607 0.0
372937 -0.4
943396 -0.4
9513 -0.4
886058 -0.4
1041708 -0.4
213213 -0.4
156983 -0.4
15932 0.0
987359 -2.4
50496 -0.4
656706 -2.4
738629 -0.4
902470 -0.4
394569 -2.4
173386 -0.4
902482 -0.4
157011 -0.4
116052 -2.4
83285 -0.4
345432 -0.4
819428 -0.4
902491 0.0
353630 -2.4
372965 -0.4
738657 -0.4
247139 -0.4
681316 -0.4
99692 0.0
1033582 -0.4
157039 -0.4
132468 -0.4
238966 0.0
984439 0.0
132472 0.0
651846 -0.4
226879 -0.4
738685 -0.4
681344 -0.4
206210 -0.4
288131 -0.4
554341 -2.0
411019 -0.4
1000848 -0.4
320913 -0.4
574868 -0.4
189846 -0.4
320919 -0.4
366148 0.0
763292 -0.4
329117 -2.4
34212 -3.92
976294 0.0
411047 -0.4
1000876 -0.4
320941 -0.4
478109 -0.4
943536 -0.4
326569 -0.4
189874 -0.4
594163 -0.4
58812 -0.4
910781 -0.4
831490 -0.4
550340 -0.4
632266 -0.4
1041868 -0.4
42445 -0.4
17870 -0.4
320975 -0.4
837072 -0.4
845271 -2.4
886232 -0.4
910809 -0.4
936589 -0.4
517598 -0.4
689631 -0.4
779744 -0.4
861666 -0.4
181733 0.0
574952 -0.4
42473 -0.4
722411 -0.4
26093 -0.4
861679 -2.0
58868 -0.4
91639 -0.4
681556 0.0
689659 -0.4
263679 -0.4
714240 -0.4
337409 0.0
927235 -0.4
513622 -0.4
804358 -0.4
722439 -0.4
435720 -0.4
689673 -0.4
976394 -0.4
869899 -0.4
943631 -0.4
976400 -0.4
730644 0.0
411159 -0.4
886300 -0.4
902685 -0.4
108064 0.0
648738 -0.4
599591 0.0
771625 -0.4
976428 -0.4
296498 -0.4
411187 -0.4
304696 -0.4
564148 -0.4
624188 -0.4
820798 -0.4
615999 -0.4
34400 -0.4
763459 0.0
1001028 -0.4
771653 -0.4
347851 -0.4
534088 -0.464
113591 -0.4
140877 -0.4
304724 -0.4
220089 0.0
1625 -0.4
1017436 -0.4
255582 -0.4
1001056 -0.4
315665 0.0
370283 -0.4
607856 -0.4
128616 0.0
452212 -0.4
460407 -0.4
788088 -4.32
804473 0.0
34428 -0.4
771709 -0.4
198271 -0.4
386688 -0.4
222849 -0.4
435819 -0.4
845446 -0.4
370311 -0.4
214664 -0.4
517771 -0.4
42639 -0.4
452240 -0.4
435858 -0.4
403092 -0.4
34456 -0.4
386716 -0.4
222877 -0.4
9888 -0.4
444065 -0.4
1017506 -0.4
1017508 -2.4
517799 -0.4
779944 -0.4
534185 -0.4
435886 -0.4
362159 -0.4
689840 -0.4
132785 -0.4
34484 -0.4
476858 0.0
181947 -0.4
42684 -0.4
444093 -0.4
861886 0.0
239296 -0.4
853697 -0.4
517827 -0.4
534213 -0.4
689862 -0.4
362187 -0.4
812753 -0.4
222931 -0.4
632532 -2.0
820950 -0.4
411351 -0.4
596943 -0.4
739038 -0.4
517855 -0.4
616162 0.0
837347 -2.4
624358 -0.4
485096 -0.4
222959 -0.4
673520 -0.4
12607 -0.4
100082 -0.4
182003 -0.4
960247 0.0
542463 -0.4
1017472 -0.4
853764 -0.4
599818 0.0
231182 -0.4
722704 -0.4
605145 -0.4
974985 -0.4
468762 -0.4
534300 -2.4
457690 -0.4
921905 0.0
141098 -0.4
829228 -0.4
870191 -0.4
894769 -0.4
255795 -0.4
706357 -0.4
223038 -0.4
26432 -2.4
1003830 -0.4
141126 -0.4
943944 0.0
780105 -0.4
34634 0.0
255823 -0.4
558928 -0.4
706385 -0.4
288595 -0.4
157525 -0.4
304982 -0.4
313178 -0.4
886622 -2.0
862049 -0.4
141154 -0.4
100198 -0.4
567146 -0.4
1009515 -0.4
321389 -0.4
968558 0.0
157553 -0.4
560105 -4.0
198292 -0.4
108411 -0.4
886652 -2.0
862077 -0.4
141182 -0.4
675746 -0.4
862080 -2.4
272258 -2.4
59269 0.0
133000 0.0
133004 -0.4
370575 -0.4
624530 0.0
75669 0.0
790861 -0.4
59287 -0.4
780188 -0.4
209221 -0.4
567202 -0.4
841371 -2.4
165797 -2.4
714663 0.0
59259 -0.4
214961 -0.4
583602 -0.4
903091 -0.4
919478 0.0
837560 -0.4
853949 -2.4
296894 0.0
18370 0.0
174020 -0.4
264134 0.0
48119 -0.4
214989 -0.4
700749 -2.4
174034 -0.4
198615 -0.4
67546 -0.4
465914 -0.4
239585 -0.4
395234 -0.4
870371 0.0
657384 -0.4
215017 -0.4
985071 0.0
222888 -0.4
174066 0.0
313336 -0.4
16724 -0.4
116736 -0.4
498169 -0.4
468996 -2.4
673803 -0.4
494594 0.0
182288 -0.4
411665 -0.4
64515 -0.4
504154 -0.4
469023 0.0
632864 -0.4
616112 -0.4
12635 -0.4
534564 0.0
774809 -0.4
919594 0.0
321583 -0.4
174128 0.0
384187 -0.4
526386 0.0
905566 -0.4
813110 0.0
116792 -0.4
829498 0.0
993339 -0.4
780348 -0.4
243381 -0.4
138251 -0.4
510022 -0.4
755783 -0.4
804936 -0.4
535565 0.0
477264 -0.4
837716 -0.4
378966 -2.4
313431 -0.4
780376 -0.4
575578 -0.4
944220 -0.4
202426 -0.4
288862 -0.4
237925 0.0
665699 -2.4
477284 -0.4
9916 -0.4
329836 -0.4
575165 -0.4
837744 -0.4
477299 -0.4
34932 -2.4
172393 -0.4
944248 -0.4
796793 -0.4
632954 -0.4
886908 0.0
804995 -0.4
1017988 -0.4
362629 -0.4
894657 -0.4
510090 0.0
18571 -0.4
477327 -0.4
731285 -0.4
416793 -0.4
141464 -0.4
879524 -0.4
998730 -0.4
649373 -0.4
805023 -0.4
1018016 -0.4
883739 -0.4
1003684 -0.4
444583 -0.4
510121 -0.4
477355 -0.4
780460 -0.4
870574 -4.4
895153 -2.0
706738 -0.4
526518 -0.4
805051 -0.72
1018044 -0.4
141502 -0.4
16757 -0.4
944321 -0.4
837828 -0.4
182470 -0.4
477383 -0.4
420040 0.0
571084 -0.4
985292 -0.4
452813 -0.4
272592 0.0
526546 -0.4
993493 -0.4
805079 -0.4
1018072 -0.72
293924 -0.4
985306 -0.4
944349 -0.4
18655 -0.4
600197 -0.4
846049 0.0
182498 -0.4
166118 -0.4
796903 -0.4
485611 -0.4
239853 -0.4
184701 0.0
992979 0.0
805109 -2.4
436475 0.0
182526 -0.4
796931 -0.4
108806 -0.4
261164 -0.4
223498 -0.4
936207 0.0
264464 -0.4
362769 -0.4
993557 0.0
198941 -0.4
764190 -2.4
172421 -0.4
215329 -0.4
223526 -0.4
993579 -0.4
264492 -0.4
11314 -0.4
403758 -0.4
198969 -0.4
394975 0.0
715068 -0.4
215357 -0.4
796990 -0.4
665920 0.0
256321 0.0
952642 -0.4
637777 -0.4
330054 -0.4
362823 -0.72
551242 -0.4
469323 -0.4
461136 0.0
945208 -0.4
461139 -0.4
256341 0.0
588131 -0.4
215385 -0.4
797018 -0.4
330075 0.0
969058 -0.4
253222 -0.4
461156 -0.4
215397 -0.4
551270 -0.4
747879 -0.4
76137 -0.4
633195 -0.4
854380 -0.4
461167 -0.4
403824 -0.4
648936 -0.4
182646 -0.4
84345 0.0
452988 -0.4
813437 -0.4
190848 0.0
944513 -0.4
797062 -0.4
633223 -0.4
76168 -0.4
185846 -0.4
772490 -0.4
403852 -0.4
805263 0.0
731536 -0.4
862609 -0.4
597059 0.0
272788 -0.4
731541 -0.4
108951 -0.4
453016 -0.4
559513 -0.4
330138 -0.4
436639 -0.4
1018273 0.0
797090 -0.4
690597 -0.4
821670 -0.4
805287 0.0
403880 -0.4
739753 -0.4
829867 -0.4
862637 -0.4
141743 -0.4
918360 -0.4
788914 -0.4
805300 -0.4
379317 -0.4
805302 -0.4
84408 -2.4
436665 0.0
141756 -0.4
85066 -0.4
690625 -0.4
821698 -0.4
125381 0.0
109347 -0.4
490081 -0.4
141771 -0.4
944589 -0.4
494030 -0.4
305615 -0.4
805328 -0.4
379345 -0.4
141784 -0.4
690653 -0.4
821726 -0.4
1042913 -0.4
988648 -0.4
68071 0.0
436712 -0.4
674281 -0.4
494058 -0.4
926120 0.0
207351 -0.4
240724 -0.4
821754 -0.4
1042941 -0.4
428543 -0.4
2564 0.0
674309 -0.4
494086 -0.4
707084 -0.4
764430 0.0
518671 -2.4
240144 0.0
27153 0.0
313877 -0.4
772639 -0.4
305699 -0.4
363047 -0.4
608808 -0.4
293980 -0.4
272942 -0.4
588893 -0.4
100913 -0.4
346674 -0.4
838195 -0.4
1042997 -0.4
690744 -0.4
314463 -0.4
256573 -2.0
1002047 0.0
576076 0.0
797261 -0.4
723534 -0.4
76368 0.0
404049 -0.4
859626 -0.4
455099 -0.4
903780 -0.4
625766 -0.4
895590 0.0
797289 -0.4
117356 -2.4
412269 -0.4
270781 0.0
379505 0.0
649846 -0.4
338555 -0.4
240254 -0.4
666239 -2.4
903808 -0.4
797317 -0.4
303554 -0.4
993937 0.0
658587 -0.4
52334 -0.4
133784 -0.4
549316 -0.4
707226 -0.4
486306 -0.4
961189 -0.4
84648 0.0
131662 -2.4
633518 -0.4
452381 -0.4
466855 -0.4
912052 -0.4
207541 -2.4
789175 -0.4
223935 -0.4
723649 -2.4
797378 -0.4
150213 -0.4
431361 -0.4
608973 -0.4
19153 -0.4
559569 -0.4
133846 -0.4
895703 -0.4
223963 -0.4
568028 0.0
797406 -0.4
600802 0.0
436964 -0.4
109286 -0.4
609001 -0.4
871151 0.0
404210 -0.4
912117 -0.4
223991 -0.4
391809 -0.4
692692 -0.4
797434 -0.4
740098 -0.4
502531 0.0
715527 -0.4
232200 -0.4
191241 -0.4
985866 -2.4
1002251 -0.4
676322 -0.4
641810 -0.4
939822 -0.4
2840 0.0
108335 0.0
740127 -0.4
715555 -0.4
944932 0.0
191269 -0.4
551719 -0.4
920362 0.0
912173 -0.4
641838 -0.4
478003 -0.4
52020 -0.4
49630 -0.4
19255 0.0
609082 0.0
76606 -0.4
109375 -0.4
887617 -0.4
944963 -0.4
355142 -0.4
552076 -0.4
584669 -0.4
478027 -0.4
150349 -0.4
486222 -0.4
478031 -0.4
985939 -0.4
109403 -0.4
510813 -0.4
1027216 0.0
985954 0.0
879460 -0.4
969580 -0.4
19317 -0.4
27514 -0.4
363393 -0.4
109447 -0.4
969608 -0.4
183177 -0.4
289692 -0.4
11418 -0.4
469919 -0.4
248736 -0.4
101281 -0.4
191394 -0.4
584859 -2.0
871332 -0.4
1862 -0.4
854951 0.0
315163 -0.4
186183 -0.4
829256 -0.4
142267 -0.4
478140 -0.4
198474 -0.4
682942 -0.4
322495 -0.4
232385 -0.4
854981 -2.0
60362 0.0
150479 -0.4
781265 -0.4
84947 -0.4
494549 -0.4
584663 -0.4
682970 -0.4
674781 -0.4
682974 0.0
584674 0.0
445411 -0.4
846825 -0.4
619045 -0.4
35824 -0.4
379889 -0.4
584691 -0.4
928758 -0.4
84985 -0.4
584701 -2.4
371712 -0.4
617474 -0.4
187563 -0.4
805893 0.0
552487 -2.4
396300 -0.4
191501 -4.0
838673 -0.4
85010 -0.4
166932 -0.4
420887 -0.4
576537 0.0
609311 0.0
621744 0.0
19491 0.0
388136 -0.4
830507 0.0
764972 -0.4
625842 0.0
625710 -0.4
101426 0.0
257075 -0.4
437301 -0.4
437302 -0.4
240696 -0.4
527419 -2.4
211644 -0.4
453695 -0.4
928832 -0.4
142407 -0.4
838729 -0.4
625738 -0.4
437330 -0.4
306259 -0.4
945236 -0.4
330837 -2.4
1018966 -0.4
412759 -0.4
453723 -0.4
904287 -0.4
240739 -0.4
1027172 -0.4
429158 -0.4
601192 -0.4
290619 -0.4
1027179 -0.4
76908 -2.4
437358 -0.4
937072 -0.4
1018994 -0.4
257139 -0.4
617592 -0.4
330873 -0.4
953535 -0.4
420990 -4.4
658561 0.0
289925 -0.4
733346 -0.4
904328 -0.4
52363 -0.4
240780 -0.4
470157 -0.4
607048 -0.4
158865 -0.4
158868 -0.4
231154 -0.4
896154 -0.4
535707 0.0
511132 -0.4
289953 -0.4
879779 -0.4
584870 -0.4
52391 -0.4
240808 -0.4
486569 -0.4
642220 146.88
60590 0.0
221725 -0.4
158896 -0.4
318664 -0.4
289970 0.0
240819 -0.4
658615 -0.4
462009 0.0
527546 -0.4
879807 -0.4
595320 0.0
584898 -0.4
208067 -0.4
732356 -2.0
486600 -0.4
617674 -0.4
81671 -0.4
707793 -0.4
658643 -0.4
85205 -0.4
134360 0.0
606756 -0.4
879835 -0.4
584926 -0.4
306399 -0.4
396514 -0.4
19683 -0.4
822502 0.0
961768 0.0
355561 -0.4
658671 -0.4
920816 0.0
576756 -0.4
60662 -2.4
77048 -0.4
552186 -0.4
150779 0.0
281852 -0.4
19711 -0.4
773376 -2.4
945409 -0.4
486658 -2.4
388355 -0.4
675079 -0.4
855307 -0.4
609550 -0.4
576728 -0.4
421138 -0.4
814360 -0.4
216346 -0.4
946735 0.0
1027357 -0.4
781598 -0.4
388383 -0.4
732464 0.0
552158 -0.4
912697 -0.4
625978 -0.4
904415 -0.4
82485 -0.4
675145 -0.4
888140 -0.4
650573 -0.4
511310 0.0
118095 -0.4
413009 -0.4
298323 -0.4
159063 -2.4
60761 -0.4
372189 -0.4
825231 -0.4
1008186 -0.4
109918 0.0
994658 0.0
249187 -0.4
511332 0.0
626021 -0.4
183655 -0.4
798056 -0.4
81127 -0.4
912750 -0.4
707953 -0.4
839027 -0.4
380280 -0.4
757114 -0.4
839035 0.0
601468 0.0
926757 -0.4
363904 -0.4
445827 -0.4
109957 -0.4
84405 0.0
912778 -0.4
903063 -0.4
781709 0.0
281999 -0.4
757142 -0.4
535959 0.0
101784 -2.0
929177 -0.4
322970 -0.4
363932 -0.4
101789 -2.4
765343 -0.4
355745 -0.4
1011109 -0.4
249254 -0.4
773543 0.0
224680 -0.4
583580 -0.4
929769 -2.0
748973 -0.4
331182 -0.4
716207 -0.4
89862 -0.4
3507 -0.4
748982 -0.4
863673 -0.4
1035706 -0.4
724413 -0.4
372161 -0.4
606795 -0.4
421110 -0.4
118215 0.0
36296 -0.4
511434 -0.4
486860 0.0
421327 -0.4
921577 -0.4
298452 -2.4
863701 -0.4
265686 0.0
167383 -0.4
380381 -0.4
60895 -2.4
78416 -0.4
257514 -0.4
778834 -0.4
1027570 -0.4
167411 -0.4
945652 0.0
507134 -0.4
240895 0.0
817921 -0.4
708093 -0.4
790014 -0.4
216575 -2.0
158976 -0.4
896515 -2.4
863748 -0.4
478725 -0.4
364039 -0.4
478732 -0.4
851474 -0.4
380437 -0.4
790042 -0.4
208412 -0.4
372253 0.0
142880 -0.4
519713 0.0
347683 -0.4
36390 -0.4
886705 -0.4
83592 0.0
110123 -0.4
380465 -0.4
208440 -0.4
1040991 -0.4
626236 0.0
912957 -0.4
347711 -0.4
454209 0.0
618050 0.0
282179 -0.4
509878 -0.4
254561 -0.4
790091 -0.4
970319 -0.4
192080 -2.0
67512 -0.4
1011284 -0.4
790103 -0.4
688740 -0.4
347739 -0.4
405095 -0.4
544364 0.0
937581 0.0
649149 -0.4
994930 -0.4
11892 -0.4
61049 -0.4
593532 -0.4
596105 -0.4
585344 -0.4
93826 -0.4
405123 -0.4
69252 -0.4
683653 -0.4
855689 -0.4
683658 -0.4
454284 -0.4
1019533 -0.4
167567 0.0
240920 -0.4
888466 0.0
584697 -0.4
93845 147.6
593560 -0.4
944068 -0.4
781986 0.0
618147 -0.4
462502 -0.4
454312 -0.4
691882 -0.4
356013 0.0
528046 -0.4
347823 -0.4
257713 -0.4
593588 -0.4
692720 -0.4
478902 -0.4
650935 -2.0
945849 -0.4
634559 -0.4
995014 -0.4
667338 -2.4
192203 -0.4
724686 -0.4
896719 -0.4
888528 -2.0
28371 -0.4
85716 -2.4
233176 -0.4
552511 -0.4
282330 0.0
903119 -0.4
863964 -0.4
290527 0.0
77536 -0.4
307007 -0.4
716514 -0.4
814819 -0.4
913124 -0.4
736550 0.0
437990 0.0
347879 -0.4
642795 -0.4
407506 -0.4
28399 -0.4
216818 -2.4
503542 -0.4
863992 -0.4
446202 -0.4
814847 -0.4
265986 0.0
626435 -0.4
757645 -0.4
134923 -0.4
511757 -0.4
306958 0.0
700175 -0.4
315152 -0.4
995092 0.0
761134 -0.464
675606 -0.4
266007 -0.4
814875 -0.4
290588 -0.4
462625 -0.4
642851 -0.4
787078 -0.4
266024 -0.4
298795 -0.4
438061 -0.4
1045128 -0.4
642868 -0.4
53045 -0.4
126774 -0.4
921402 0.0
1036091 0.0
462653 -0.4
69438 -0.4
454463 -0.4
577344 -0.4
69446 -4.0
454471 -0.4
855883 -2.0
601934 -0.4
53073 -0.4
167764 -0.4
102231 -2.0
462681 -0.4
560986 -0.4
454491 -0.4
692060 -0.4
626526 -0.4
653445 -0.4
495457 -0.4
430309 -2.4
274278 -2.4
208743 -0.4
143211 -0.4
806768 -0.4
462709 -0.4
561014 -0.4
834879 0.0
20350 -0.4
859456 -0.4
20356 -0.4
44935 -0.4
236866 -0.4
41050 0.0
962455 -0.4
618392 0.0
462746 -0.4
421787 0.0
368335 -0.4
20384 -0.4
307105 -0.4
855970 0.0
44963 -0.4
167849 -0.4
561070 -0.4
274351 -0.4
290737 -2.0
962483 -0.4
257972 -2.4
20412 -0.4
380861 -0.4
774082 -2.0
200644 0.0
561098 -0.4
274379 -0.4
814413 -0.4
368391 -0.4
585683 -0.4
978901 -0.4
834031 -0.4
585690 -2.4
135139 -0.4
20455 -0.4
339944 -0.4
741353 -0.4
839659 -0.4
839660 -0.32
962542 -0.4
610290 -2.4
626675 -0.4
741559 0.0
4094 -0.4
765952 -0.4
323586 -0.4
569347 -0.4
86020 -0.4
110597 0.0
708614 -0.4
331786 0.0
28683 -0.4
885421 -0.4
774164 146.88
12311 -0.4
389146 -0.4
127005 -0.4
86048 -0.4
118821 -2.0
458685 -0.4
883953 0.0
413741 -0.4
266291 -2.4
479285 -0.4
86076 -0.4
14323 -0.4
159808 -0.4
102465 -0.4
413769 -0.4
348234 -0.4
774220 -0.4
880718 -2.4
329741 -0.4
800039 -0.4
192599 -2.0
856152 0.0
176220 -2.4
777573 -0.4
413797 -0.4
618602 0.0
610411 -0.4
733292 -0.4
987245 -0.4
938094 -0.4
290927 0.0
61554 0.0
372853 -0.4
249975 -0.4
757881 -0.4
290944 0.0
823425 -0.4
118123 -0.4
585861 -2.4
766086 -0.4
28812 -0.4
372881 -0.4
61587 -0.4
856212 0.0
142702 -0.4
405655 -0.4
930500 -0.4
233631 -2.4
184482 -0.4
28835 -0.4
454820 0.0
381100 -4.4
372909 -0.4
993309 0.0
348338 -4.0
12471 -0.4
757944 -0.4
323774 -0.4
28863 -0.4
348352 0.0
804896 -0.4
1012427 0.0
979143 -0.4
487625 0.0
274637 -0.4
594130 -0.4
577748 -0.4
69848 -0.4
747556 -0.4
823515 -0.4
536796 -0.72
807133 -0.4
454879 0.0
63702 -0.4
585535 -2.4
807139 -0.4
930020 -0.4
1036517 -0.4
831720 -0.4
659694 -0.4
828115 -0.4
69876 -0.4
684277 -0.4
398036 -0.4
258299 -0.4
528637 -0.4
511360 -0.4
12548 -0.4
107559 0.0
1003787 -0.4
872716 0.0
53521 -0.4
495892 -0.4
902510 -0.4
94495 -0.4
217378 -0.4
110883 0.0
807210 -2.4
643371 -0.4
53549 -0.4
790833 -0.4
1013811 -0.4
102709 -0.4
536886 0.0
586042 -0.4
373051 -0.4
217404 -0.4
67637 -0.4
987456 -0.464
266562 -0.4
954693 -2.0
569677 -0.4
495951 -0.4
414032 -0.4
143700 -0.4
930135 -0.4
61786 -0.4
586075 0.0
299358 0.0
921952 0.0
209249 -0.4
274787 -0.4
430437 -2.4
1020263 -0.4
569705 -0.4
495979 -0.4
86380 -0.4
930163 -0.4
438644 -0.4
217461 -0.4
504182 -0.4
938359 -0.4
766329 -0.4
119162 -0.4
430459 0.0
266621 -0.4
394047 -2.4
864642 -0.4
1020291 -0.4
217476 0.0
569733 -0.4
430474 -0.4
306583 -0.4
848269 -0.4
172781 -0.4
315792 -0.4
504210 -0.4
119190 -0.4
889239 -0.4
20889 -0.4
807322 -2.4
78236 0.0
368026 -0.4
627105 -0.4
23963 0.0
86436 -0.4
446885 -0.4
511388 -0.4
455082 0.0
176556 0.0
337037 0.0
889267 -0.4
324020 -0.4
930229 -0.4
741814 -0.4
954808 -0.4
847263 -0.4
741820 -0.4
299453 -0.4
29120 -0.4
446913 -0.4
561602 -0.4
446969 -0.4
885494 -0.4
120908 -2.4
635338 0.0
743685 -0.4
463309 0.0
889295 -0.4
930257 -0.4
201172 0.0
143832 -0.4
676315 -0.4
446941 -0.4
905697 -0.4
512482 0.0
258531 -0.4
709093 -0.4
102889 0.0
414187 -0.4
186450 -0.4
594273 0.0
86352 -0.4
864759 -0.4
116820 -0.4
676350 -0.4
668160 -0.4
282027 -0.4
21002 -0.4
477271 -0.4
446989 -0.4
897553 0.0
676370 0.0
168707 -0.4
143893 0.0
930331 0.0
872988 -0.4
758302 0.0
979717 -0.4
389664 -0.4
807458 -2.4
496165 -0.4
12847 -0.4
815665 147.6
996105 -0.4
463416 0.0
668217 -0.4
522335 -0.4
62219 0.0
954950 -0.4
1004112 -0.4
176722 -0.4
119388 -0.4
733790 0.0
512607 -0.4
433595 0.0
143973 -0.4
647953 -0.4
119401 -0.4
168562 0.0
922227 -0.4
111220 -0.4
422518 -0.4
12925 -4.0
332416 0.0
930433 -0.4
848519 -0.4
415060 -0.4
406154 -2.0
922255 -0.4
389776 -0.4
184977 0.0
660114 0.0
36291 -0.4
186478 -0.4
832153 0.0
381594 -2.4
365212 -0.4
815775 -0.4
234147 -0.4
282055 -0.4
856748 -0.4
651954 -0.4
168629 -0.4
185014 -2.0
177468 -0.4
709305 -0.4
561850 -0.4
331210 -0.4
332478 -0.4
422596 -2.4
635592 -0.4
283338 -0.4
742091 -0.4
26415 -2.4
463567 0.0
627409 -0.4
946900 -0.4
168661 -0.4
1020632 -2.4
127706 -0.4
144093 -0.4
53982 -2.4
1013958 -0.4
537317 -0.4
537318 -0.4
266983 -2.0
807661 -0.4
996085 -0.4
127734 -0.4
996089 0.0
316154 -2.4
406267 0.0
86780 -2.0
971519 -0.4
537345 -0.4
742146 -0.4
504579 -0.4
1035734 -0.4
455430 -0.4
780320 -0.4
463625 0.0
111370 -2.4
944808 -0.4
127762 -0.4
783123 -0.4
439061 -2.4
480025 -0.4
971547 -0.4
504607 -0.4
607104 -0.4
275235 0.0
807717 -0.4
865066 -0.4
646385 -0.4
51992 -0.4
422703 -0.4
389938 -0.4
509994 -0.4
578358 -0.4
971575 -0.4
922424 -0.4
787252 -4.4
535363 -0.4
668478 -0.4
226111 -0.4
299846 0.0
708065 -0.4
865097 0.0
693047 0.0
70476 -0.4
370603 -0.4
512846 0.0
480081 -0.4
709458 -0.4
48611 -0.4
922452 -0.4
807769 0.0
226139 -0.4
226142 -0.4
929535 0.0
264234 -0.4
291682 -0.4
734059 -2.0
430958 0.0
971631 -0.4
734065 -0.4
537458 0.0
119669 -0.4
775031 -0.4
324475 -0.4
365436 0.0
527850 -0.4
209790 -0.4
349057 0.0
553858 -0.4
572907 -0.4
119684 -2.4
922503 -0.4
708037 -0.4
971659 -0.4
684305 -0.4
349072 0.0
168849 -0.4
103315 0.0
717716 -0.4
1029014 -0.4
324503 -0.4
209818 -0.4
226205 -0.4
209822 -0.4
922531 -0.4
643910 -0.4
635205 -0.4
971687 -0.4
226223 -0.4
349104 -0.4
545713 -0.4
324531 -0.72
242615 -0.4
226233 -0.4
1020858 -0.4
29630 -0.4
223392 -0.4
365506 -2.4
725956 -0.4
362302 0.0
590197 0.0
816073 -0.4
570314 0.0
619467 0.0
422860 -0.4
242643 -0.4
226261 -0.4
545754 -0.4
168929 0.0
781819 0.0
46052 146.8288
152553 -0.4
472043 -0.4
226286 -0.4
242671 -0.4
816112 -0.4
455665 -0.4
988148 0.0
824309 -0.4
791542 -0.4
996343 0.0
791544 -0.4
179661 -2.4
48639 -0.4
177149 0.0
603134 -0.4
431111 -0.4
198828 -0.4
873482 -0.4
259084 -0.4
898062 -0.4
1037328 -0.4
783377 -0.4
77315 -0.4
791572 -0.4
619542 -0.4
611351 -0.4
603162 -0.4
54302 0.0
668703 -0.4
791584 -0.4
62497 -0.4
377691 -0.4
439332 -0.4
982534 -0.4
267302 -2.4
259112 -0.4
705372 -0.4
898090 -0.4
609799 -0.4
324653 -2.0
603190 -0.4
717883 0.0
878532 -0.4
62525 -0.4
694453 0.0
439360 -0.4
226370 -0.4
268470 0.0
439366 -0.4
445964 -2.4
889932 -4.0
750669 -2.4
685143 -0.4
947288 -0.4
595033 -0.4
1045597 -0.4
906334 -0.4
955491 -0.4
29796 -0.4
283750 -0.4
390249 -0.4
930923 -0.4
316525 0.0
382064 0.0
685171 -0.4
595061 -0.4
865400 -0.4
947326 -0.4
955519 -0.4
29824 -0.4
603271 -0.4
971915 0.0
799884 -0.4
578704 0.0
218259 -0.4
386981 -0.4
955547 -0.4
930973 0.0
87199 -0.4
341154 0.0
100550 -0.4
799912 -0.4
347676 0.0
988333 -2.4
193710 -0.4
586931 -0.4
603319 -0.4
308085 -0.4
863776 -0.4
152770 -0.4
947395 0.0
848547 -0.4
1035809 -0.4
621157 -2.4
70860 -0.4
455890 0.0
552483 -0.4
136405 -2.4
685273 -0.4
472284 -2.0
251101 -0.4
152798 -0.4
537823 -0.4
431333 -0.4
155175 -0.4
824556 -0.4
499403 -0.4
562417 0.0
619762 -0.4
546037 -0.4
963830 -0.4
103671 -0.4
709880 -0.4
816377 -0.4
242938 0.0
537851 -0.4
898301 -2.4
103680 -0.4
1004801 -0.4
529668 -0.4
152837 -0.4
488321 -0.4
349448 -0.4
996620 -0.4
369538 -0.4
226574 -0.4
513295 -2.4
264408 -0.4
709908 -0.4
816405 -0.4
300311 -0.4
644377 -0.4
103708 -0.4
603424 0.0
46373 -2.4
660775 0.0
996648 -0.4
865578 0.0
747741 -0.4
46385 -0.4
300339 -0.4
537910 -0.4
152888 -0.4
425524 -2.4
685370 -4.4
87356 -0.4
570693 -0.4
1004871 0.0
202056 0.0
300367 -0.4
142904 -0.4
537938 -0.4
152916 -0.4
300378 0.0
660829 -0.4
374110 -0.4
685409 -0.4
77371 -0.4
341349 -0.4
552508 -0.4
300395 -0.4
5485 -0.4
152944 -0.4
226195 -0.4
226677 -0.4
333523 -0.4
234872 -0.4
218491 -0.4
161149 -0.4
136576 -0.4
357768 0.0
5513 -0.4
832907 -2.0
152972 -0.4
36418 -0.4
600301 -2.0
177552 -0.4
267667 -2.4
136596 -0.4
1004950 0.0
455458 -0.4
218010 -0.4
1029534 -0.4
323141 -2.4
259488 -0.4
185762 -0.4
701859 -0.4
284068 0.0
931239 -0.4
153000 -0.4
456106 -0.4
177580 -0.4
455581 -0.4
193968 -0.4
947635 -0.4
1004982 -2.0
431543 -0.4
267705 -2.4
783803 -0.4
373079 -0.4
751045 -0.4
177608 -0.4
267726 -0.4
595407 -0.4
54736 -0.4
619985 -0.4
1029589 -0.4
54742 -0.4
890330 0.0
693725 -2.4
21982 -0.4
564816 -0.4
120294 -0.4
710120 -0.4
784636 -0.4
595435 -0.4
650773 -0.4
628206 -2.4
300528 -0.4
660979 -0.4
177654 -0.4
144888 0.0
513530 -0.4
136699 -0.4
144893 -0.4
480770 -0.4
316932 -0.4
972293 -0.4
661001 -0.4
77399 -0.4
456204 -0.4
661007 -0.4
441944 -0.4
964114 -0.4
144921 -0.4
1037853 0.0
202271 -0.4
54820 -0.4
796934 -0.4
529958 0.0
488999 -0.4
579113 -0.4
95786 -0.4
316976 -0.4
972339 -0.4
554549 -0.4
292414 -0.4
906815 -0.4
407105 -0.4
489027 -0.4
71236 -0.4
95814 -0.4
595529 0.0
886733 -0.4
869303 -0.4
734796 -0.4
292429 0.0
79443 -0.4
390742 -2.0
455609 -0.4
251483 -0.4
489055 -0.4
71264 -0.4
185958 0.0
857704 -0.4
317033 -0.4
202355 -0.4
545726 -0.4
587386 0.0
71292 -0.4
177794 -0.4
245696 0.0
718471 -2.4
898696 -0.4
899351 -0.4
849550 0.0
855661 -0.4
71320 -0.4
521881 -0.4
310895 -0.4
652956 -0.4
1029799 -0.4
562119 -0.4
775853 -0.4
530094 -2.4
354589 -2.4
541640 -0.4
962570 -0.4
423605 -0.4
480954 0.0
455637 -0.4
639596 -0.4
58315 0.0
505541 -0.4
218824 -0.4
324556 -0.4
284364 -0.4
300255 -0.4
915153 -0.4
308947 0.0
290425 -0.4
988888 -0.4
202467 -0.4
882412 -0.4
546543 -0.4
390900 -0.4
1005306 -0.4
676821 0.0
129719 -0.4
464641 -0.4
362795 -0.4
672726 -4.4
767754 0.0
14094 -0.4
849683 -0.4
964374 -0.4
890647 0.0
63256 -0.4
685849 0.0
46874 -0.4
301360 -0.4
522019 -0.4
816932 -0.4
587564 0.0
775982 -0.4
210736 -0.4
245384 -0.4
46902 -0.4
139044 -0.4
595771 -0.4
96062 -0.4
243519 0.0
161600 -2.4
145217 -0.4
677699 -0.4
595780 -0.4
358214 -0.4
603975 -2.4
972619 -0.4
587599 0.0
46932 0.0
595799 -0.4
341855 -0.4
644960 -0.4
907105 -0.4
87906 0.0
825189 -0.4
71527 -0.4
528018 -0.4
644976 0.0
644981 -0.4
300921 -0.4
137535 -0.4
505724 -0.4
825217 -0.4
358274 -0.4
964487 -0.4
841609 0.0
546702 -0.4
653199 -0.4
1014679 -2.0
358296 -0.4
595866 -2.4
55197 -0.4
325538 -0.4
964515 -0.4
366500 -0.4
702373 -0.4
784294 0.0
497577 -2.4
825259 -0.4
407470 -0.4
522160 -2.4
759730 -0.464
666064 -0.4
55225 -0.4
584775 -0.4
513980 -0.4
964543 -0.4
366528 -0.4
612289 -0.4
677828 -0.4
529398 -0.4
825287 -0.4
477243 -0.4
85038 -0.4
301004 -0.4
587725 -0.4
669647 0.0
858066 0.0
55253 -0.4
730362 -0.4
686049 -0.4
611323 -0.4
249510 0.0
301032 -0.4
129002 -0.4
407534 -0.4
571375 -0.4
55281 -0.4
245981 -0.4
169971 -0.4
254983 -0.4
251902 -0.4
342021 -0.4
129030 -0.4
881565 0.0
536768 -0.4
628754 -0.4
989203 -0.4
47137 0.0
866346 -0.4
472071 -0.4
882732 -0.4
448557 -0.4
628782 -0.4
1013809 -0.4
129075 -0.4
473140 0.0
325686 0.0
645176 0.0
52035 -0.4
226314 -0.4
64548 -0.4
972874 -0.4
292939 -0.4
833612 -2.0
1013837 -0.4
226798 -0.4
989263 -0.4
1005648 -0.4
407634 0.0
362851 -0.72
415828 -0.4
619534 -0.4
342103 -0.4
276573 -0.4
166245 0.0
989282 -0.4
768358 -4.0
358503 0.0
194665 -2.4
989291 -0.4
874606 0.0
276594 -0.4
680979 -0.4
579701 -0.4
514167 -0.4
702584 -4.4
759936 -0.4
424065 -0.4
412011 -0.4
447510 -2.0
1030281 -0.4
546955 0.0
252045 0.0
252047 -0.4
710801 -0.4
358547 -0.4
981140 -0.4
276629 -0.4
940182 -0.4
301207 -0.4
432297 -0.4
96415 -0.4
715120 0.0
458629 -0.4
358568 -4.0
137385 -0.4
252075 -0.4
350384 -2.4
80049 -0.4
915637 0.0
374966 146.88
40649 0.0
70687 -0.4
194750 -0.4
6335 -0.4
827163 -0.4
332832 0.0
194755 -0.4
252102 -0.4
50209 0.0
481482 -0.4
369286 -0.4
588876 -0.4
424145 -0.4
255011 -0.4
339662 -0.4
162006 -0.4
309465 0.0
6363 -0.4
194783 -0.4
1003506 -0.4
455486 -0.4
226342 -0.464
366822 -0.4
255015 -0.4
413205 0.0
408295 0.0
162034 -0.4
569043 -2.4
293108 -2.4
153846 0.0
440567 -0.4
227578 -0.4
825595 -0.4
809212 -4.0
579840 -0.4
1030403 -0.4
1038597 -0.4
882952 -0.4
194827 -0.4
760076 -0.4
162062 -0.4
522627 -0.4
825623 -0.4
407832 -0.4
432410 -0.4
579868 -0.4
1030431 -0.4
710946 -0.4
555301 -0.4
245468 -0.4
162090 -0.4
137517 0.0
669998 -0.4
547689 -2.4
71984 -0.4
133512 0.0
465202 -0.4
579896 -0.4
309562 -0.4
80191 -0.4
473410 146.88
162118 -0.4
153930 -0.4
790242 -0.4
682172 0.0
579924 -0.4
194902 -0.4
6487 -0.4
401125 -0.4
788880 -0.4
80721 -0.4
668731 -0.4
528102 -2.0
153958 -0.4
547217 -0.4
63848 0.0
332860 -0.4
113002 -2.0
137582 -0.4
579952 -0.4
948593 0.0
432502 -0.4
592276 -0.4
366973 -0.4
153986 -0.4
368363 -0.4
313751 -0.4
579980 -0.4
293262 -0.4
276881 -2.4
973202 -0.4
244124 -0.4
743839 -0.4
580002 -0.4
801188 0.0
825766 0.0
687857 -0.4
989596 0.0
113068 -0.4
661933 -0.4
973230 -0.4
760239 -2.0
866736 -0.4
129457 -0.4
1014196 -0.4
219574 -0.4
727481 -0.4
981436 -0.4
170430 -0.4
883135 -2.4
170432 0.0
219585 -0.4
260548 -0.4
80327 0.0
113096 -0.4
350665 0.0
973258 -0.4
508889 -0.4
22990 -0.4
390221 -0.4
121296 -0.4
137681 -0.4
495250 0.0
438036 -2.4
203223 -0.4
473225 0.0
317913 -0.4
940508 -0.4
817635 -0.4
113124 -0.4
588261 -0.4
268776 -0.4
244202 -0.4
465319 -0.4
39406 -0.4
653807 -0.4
449013 -0.4
139613 -0.4
1022455 -0.4
664660 -2.4
716543 0.0
113155 -0.4
88580 0.0
457223 -0.4
465416 -0.4
1006090 -0.4
201815 -0.4
825868 -0.4
711181 -0.4
121268 -0.4
1047055 -0.4
391697 -0.4
714094 -0.4
1014294 -0.4
300283 -0.4
866846 -0.4
588319 -2.4
498211 -0.4
178725 -0.4
547366 -0.4
653864 -0.4
278461 -0.4
1047083 -0.4
514607 -0.4
416304 -0.4
1014322 -0.4
804386 -0.4
427102 0.0
358968 0.0
453044 -0.4
866874 -0.4
244285 -2.4
857579 0.0
571970 -0.4
940470 -0.4
358982 -0.4
746593 -0.4
514635 -0.4
563794 -0.4
247638 0.0
240273 0.0
898148 -0.4
735835 0.0
326236 -0.4
580433 -0.4
774142 0.0
514658 -2.4
580196 -0.4
662117 -0.4
621158 -0.4
834151 -0.4
449133 0.0
350830 -0.4
462046 -0.4
858743 -0.4
891512 -0.4
864020 -0.4
768635 -0.4
711293 -0.4
868117 0.0
580224 -0.4
662145 -0.4
801421 -0.4
547474 -0.4
129684 -0.4
424600 -0.4
653764 0.0
473754 -0.4
129691 -0.4
416412 0.0
137891 -0.4
1014437 -0.4
957096 -2.4
865766 0.0
637612 -0.4
547502 -0.4
416432 -0.4
465586 -0.4
424628 -0.4
375477 -2.4
473782 -0.4
55991 -0.4
703163 -0.4
996077 -0.4
162493 0.0
1039039 0.0
1014465 -0.4
580293 -0.4
1006285 -0.4
81699 -0.4
1047256 -0.4
850649 -0.4
1014493 -0.4
724773 -0.4
580321 -0.4
695012 -0.4
555749 -0.4
80615 0.0
416488 -0.4
940498 -0.4
105198 -0.4
719603 -0.4
850677 -0.4
989942 -0.4
31481 -0.4
391930 0.0
595071 -2.4
989952 0.0
555777 -0.4
400130 -0.4
454443 -0.4
293636 -0.4
105226 -0.4
880429 -0.4
113112 -0.4
974337 -0.4
31509 -0.4
498454 0.0
154391 0.0
506649 -0.4
834332 -0.4
318237 -0.4
34056 0.0
72489 0.0
947335 -0.4
426045 -0.4
1014577 -0.4
899891 -0.4
359220 -0.4
506677 -0.4
482102 -0.4
1022775 0.0
785208 -0.4
1014585 -0.4
72506 -0.4
252733 -0.4
252735 -0.4
423318 0.0
793419 -0.4
1014605 -0.4
476301 -0.4
424785 -0.4
285522 -0.4
72534 -0.4
768855 -0.4
686939 -0.4
441182 -0.4
268773 -0.4
667451 -0.4
654180 -0.4
64358 -0.4
793447 -0.4
1014633 -0.4
424813 -0.4
560958 -0.4
244598 -0.4
252791 -0.4
383865 -0.4
744315 -0.4
424426 -0.4
785279 -0.4
380736 0.0
310146 -0.4
924547 -0.4
482180 -0.4
547720 -3.6
1039241 -0.4
1039244 -0.4
730390 -0.4
383893 -0.4
744343 -0.4
498585 -0.4
113563 -0.4
834461 -0.4
310174 -0.4
490404 0.0
392102 -2.4
359337 0.0
818090 0.0
744371 -0.4
474036 -0.4
564150 -0.4
416695 -0.4
719801 -2.4
146362 -0.4
627871 -0.4
457662 -0.4
56255 -0.4
245580 -0.4
695243 -0.4
973772 -2.4
1039309 -0.4
744399 -0.4
113619 -0.4
146390 -0.4
313849 -0.4
211929 -0.4
64474 -0.4
269276 -0.4
506845 -0.4
97246 -0.4
580575 -0.4
523235 -0.4
170980 -2.4
228325 0.0
695271 -0.4
687082 -0.4
850923 -0.4
367599 -0.4
261108 -0.4
701609 0.0
662520 -0.4
31738 0.0
877739 -2.4
875526 -0.4
113671 -0.4
64520 -0.4
367627 -0.4
261136 -0.4
48147 -0.4
268804 -0.4
408603 -0.4
23580 -0.4
113699 -0.4
408612 0.0
457765 -0.4
367655 -0.4
343081 -0.4
580652 -0.4
48175 -0.4
269360 -0.4
1025203 -0.4
769083 -0.4
130108 -0.4
113727 -0.4
293952 -0.4
457793 -0.4
367683 -0.4
343109 -0.4
261192 -0.4
785481 -0.4
629836 -0.4
146509 -0.4
441422 -0.4
183551 -0.4
875602 -0.4
670806 -2.4
769111 -0.4
916568 -0.4
564314 0.0
113755 -0.4
15452 -0.4
457821 -0.4
834654 -0.4
367711 -0.4
535056 -0.4
253027 -0.4
145937 -0.4
146537 -0.4
189629 -0.4
965744 0.0
769139 -0.4
916596 -0.4
646263 -0.4
15480 -0.4
457849 -0.4
203900 0.0
44907 -0.4
146565 -0.4
89228 -0.4
367757 -0.4
916624 -0.72
834711 0.0
982171 0.0
64669 -0.4
539819 -0.4
916652 -0.72
132271 -0.4
261296 -0.4
662705 -0.4
859316 -0.4
14879 -2.0
160641 -0.4
916675 -0.4
498885 -0.4
539847 -0.4
916680 -0.4
621770 0.0
81099 -0.4
662733 -0.4
236751 -0.4
318675 -0.4
1039575 0.0
283394 -0.4
916703 -0.4
733051 -0.4
130279 0.0
662761 -0.4
253165 -0.4
244974 0.0
293369 -0.4
59944 -0.4
364684 -0.4
31989 -2.4
449782 0.0
982264 -0.4
638206 0.0
383579 0.0
113927 -2.4
253193 -0.4
657926 -0.4
343316 -0.4
739886 -0.4
58896 -0.4
335130 -0.4
802076 -0.4
548125 -0.4
302367 -0.4
859428 -0.4
941349 -4.4
711974 -0.4
720168 -0.4
1023276 -0.4
793901 -2.4
605486 -0.4
343344 -0.4
180104 -0.4
851252 -0.4
607454 0.0
146746 -0.4
630075 -0.4
826685 -0.4
89407 -0.4
318784 -0.4
359746 -0.4
605514 -0.4
318797 -0.4
646479 -2.4
851280 -0.4
720210 -2.4
974163 -0.4
179543 0.0
318812 -0.4
916026 -0.4
236894 -0.4
531807 -0.4
875872 -0.4
703841 0.0
367970 -0.4
171363 -0.4
261477 -2.0
785766 -0.4
671079 -0.4
941416 -0.4
318825 -0.4
523630 -0.4
974191 -0.4
1036006 -0.4
515444 0.0
892278 -2.4
742765 0.0
498239 -0.4
875900 -0.4
367998 -0.4
171391 -0.4
318853 -0.4
474502 -0.4
646542 -0.4
826772 -0.4
794007 -0.4
204186 -0.4
171419 -0.4
1015197 -0.4
81312 -0.4
335267 -0.4
679332 0.0
307133 -0.4
869065 -0.4
728491 0.0
886002 -0.4
712114 -0.4
368054 -0.4
1015225 -0.4
983690 -0.4
597435 0.0
651658 -0.4
671172 -2.0
671174 -0.4
458657 -0.4
605642 -0.4
652535 -0.4
204236 -0.4
360054 -0.4
712142 -0.4
810450 -2.0
89557 -0.4
251129 -0.4
966107 -0.4
636154 0.0
43532 -0.4
490979 -0.4
490980 -0.4
97765 -0.4
826855 -0.4
712170 -0.4
89579 0.0
146933 0.0
769528 -2.4
703993 -0.4
320767 -0.4
286205 -0.4
515583 -0.4
491008 -0.4
966145 0.0
269826 -0.4
687620 -2.0
679430 -0.4
351751 -0.4
359944 -0.4
171531 -0.4
532397 -0.4
93724 -0.4
122387 -2.0
564757 -2.4
491036 -0.4
638493 -0.4
1023518 -0.4
441887 -2.4
597536 -0.4
704432 -0.4
351779 -0.4
990758 0.0
171559 -0.4
294440 -0.4
114222 -0.4
824584 -0.4
695860 -0.4
1023546 -0.4
578783 -2.4
97853 -0.4
777792 -0.4
114241 0.0
216803 -2.4
908873 -0.4
794188 0.0
613966 -0.4
695888 -0.4
564822 -0.4
786007 0.0
106072 -2.4
818777 -0.4
85094 -0.4
449125 -0.4
294501 -0.4
695910 -0.4
138855 0.0
514663 -0.4
564844 -0.4
302703 -0.4
482929 -0.4
564850 -0.4
482931 -0.4
728692 -0.4
425590 -2.4
425592 -0.4
556736 -0.4
843392 -0.4
630720 -0.4
548483 0.0
130693 -0.4
261767 -0.4
564872 -0.4
761489 -0.4
990868 -0.4
851605 -0.4
491161 -0.4
928367 -0.4
245412 -0.4
269991 0.0
269992 -0.4
130733 -2.0
843438 -0.4
499375 -0.4
515760 -0.4
663217 -2.0
368307 -0.4
212937 -0.4
876221 0.0
917182 -0.4
245440 -0.4
651211 -2.0
270020 -0.4
73416 -0.4
818889 -0.4
376523 -0.4
908901 -0.4
638672 0.0
515796 -0.4
540377 -2.4
917210 -0.4
532188 -0.4
892638 -0.4
589537 -0.4
425698 -2.4
211579 -0.4
818917 -0.4
974570 -0.4
24299 -0.4
581361 -0.4
606163 -0.4
368374 -0.4
738601 -0.4
245496 -0.4
450297 -0.4
944637 0.0
40700 -0.4
827135 -0.4
474880 0.0
818945 -0.4
974598 -0.4
449153 -0.4
540428 -0.4
696081 -0.4
450325 -0.4
892694 -0.4
966617 -0.4
40728 -0.4
728859 -0.4
794396 -0.4
163613 -0.4
474912 -0.4
783151 -0.4
368419 -0.4
778020 -2.0
827176 -0.4
851754 -0.4
687915 -0.4
393005 -0.4
450353 -0.4
433977 -0.4
466911 -0.4
532284 -0.4
368447 -0.4
499520 -2.4
827204 -0.4
941893 -0.4
892743 -0.4
1015628 -2.4
409423 -0.4
786258 -0.4
434005 -0.4
663388 -0.4
810846 -0.4
330385 -0.4
401257 -0.4
294762 -2.0
409451 -0.4
474990 -0.4
319344 -2.4
1048437 -2.4
53225 0.0
810874 -0.4
507771 -0.4
346702 -0.4
606079 -0.4
302977 -0.4
401285 -0.4
81800 -0.4
671630 0.0
912024 -0.4
442261 -0.4
711321 -0.4
196504 -0.4
933786 -0.4
518810 -0.4
991136 -0.4
548769 -0.4
713323 -0.4
81828 -0.4
1048487 -0.4
671656 -0.4
885449 -0.4
1023917 0.0
622512 -0.4
925620 -0.4
606135 -0.4
991164 -0.4
548797 -0.4
114624 -0.4
434113 -2.4
466883 -0.4
1048520 -0.4
532425 -0.4
622540 -0.4
516047 0.0
925648 -0.4
442323 -0.4
888451 -0.4
303061 -0.4
548825 -0.4
466910 -0.4
31397 -0.4
532448 -0.4
237539 -0.4
212969 -0.4
442351 -0.4
303089 -0.4
460115 -0.4
409589 0.0
155638 -2.4
548855 -0.4
606201 -0.4
894293 0.0
