516096 -0.4
802816 -0.4
458755 -0.4
778245 -0.4
90123 0.0
401420 -0.4
65550 -0.4
720899 0.0
32788 -0.4
917525 -0.4
152921 -0.4
835611 -0.4
516124 -0.4
955738 -0.4
520197 -0.4
852000 -0.4
778273 -0.4
778275 -0.4
401448 -0.4
65578 -0.4
933933 -0.4
139310 -0.4
32816 -0.4
830897 -0.4
172083 0.0
786484 -2.0
565302 -0.4
745527 -0.4
262202 -0.4
942142 -0.4
991296 -0.4
663620 -0.4
65606 -0.4
622663 -4.4
376906 0.0
24651 -0.4
32844 -0.4
875757 -0.4
598097 0.0
663635 -0.4
221268 -2.0
434262 0.0
416441 -0.4
311384 -0.4
548953 0.0
303198 0.0
426081 -0.4
65634 -0.4
286820 -0.4
935270 -0.4
139366 -0.4
57447 -0.4
655465 -0.4
516202 -2.0
663662 -0.4
213103 -0.4
761969 -0.4
32885 -0.4
401526 -0.4
147476 0.0
475258 -0.4
106620 -0.4
426109 -0.4
196735 -0.4
213120 -0.4
57475 -0.4
123012 0.0
327815 -0.4
206188 -0.4
909451 -0.4
573580 0.0
761997 -0.4
57487 -0.4
811152 -2.0
360594 -0.4
712854 -0.4
295063 -0.4
966808 -0.4
196763 -0.4
163998 -0.4
549025 -2.4
860327 -0.4
581800 -0.4
802844 -0.4
57515 -0.4
49324 0.0
49327 -0.4
893104 -0.4
475314 -0.4
483509 -2.4
835774 0.0
728523 -0.4
336067 -0.4
581828 -0.4
147653 -0.4
73761 -0.4
770249 -0.4
475342 -0.4
502477 -0.4
615800 -0.4
336084 -0.4
221397 -0.4
696534 -0.4
929377 -0.4
155866 -0.4
540891 -0.4
123100 0.0
909533 0.0
336095 -0.4
393442 -0.4
590051 -0.4
770277 -0.4
65769 -2.0
663786 -0.4
917740 -0.4
221425 -0.4
860402 -0.4
1007863 -0.4
409850 -0.4
823338 0.0
16638 -0.4
917759 -0.4
180481 -2.0
418050 -0.4
893192 -0.4
712970 -0.4
450829 0.0
803086 -0.4
237843 -0.4
921646 -2.4
499991 -0.4
794904 -0.4
652676 -0.4
991514 -0.4
917787 -0.4
737565 -2.0
524574 -0.4
868639 -0.4
196898 -0.4
893220 -0.4
712998 -0.4
221481 -0.4
114988 -0.4
827696 -2.4
885043 -2.4
758005 -0.4
917815 -0.4
344378 0.0
196926 -0.4
205119 -0.4
713026 -0.4
221509 -0.4
598342 0.0
115016 -0.4
246089 -0.4
860215 -0.4
82253 -0.4
188750 0.0
704848 -0.4
844113 -0.4
401746 -0.4
469731 -0.4
948476 -0.4
90457 -0.4
203442 -0.4
16733 0.0
614750 -0.4
524642 -0.4
246117 -0.4
82281 -0.4
844141 -0.4
475503 0.0
409970 -0.4
516471 -0.4
615828 -0.4
958842 -0.4
188797 -0.4
262526 -0.4
742805 -0.4
819588 -2.4
917894 -0.4
844169 -0.4
909017 -0.4
385419 -0.4
409998 -0.4
322285 -0.4
131472 -0.4
287121 0.0
98707 -2.4
713108 -2.4
549272 -0.4
401476 -0.4
827804 -0.4
430149 -0.4
1032609 -0.4
917922 -0.4
811427 0.0
57764 -0.4
774214 -0.4
385447 -0.4
410026 -0.4
950699 -2.4
590252 -0.4
663983 -0.4
108309 -0.4
164279 -0.4
827832 -0.4
819641 -0.4
844218 -0.4
74172 -0.4
753738 -0.4
221633 -0.4
31112 -0.4
729542 -0.4
590280 -0.4
877001 -0.4
25039 -0.4
303568 -0.4
532946 -0.4
459220 -2.4
819669 -0.4
754134 0.0
156119 -0.4
1032665 -0.4
420249 -0.4
221661 -0.4
524768 -0.4
999909 -0.4
942567 -0.4
721384 -0.4
909803 0.0
303596 -0.4
819694 -0.4
655858 0.0
778739 -0.4
770549 -0.4
647670 -0.4
819707 -0.4
319998 -0.4
606721 0.0
303624 -0.4
647693 -0.4
778767 -0.4
893457 -2.4
98834 0.0
402355 -0.4
999965 -0.4
475678 -0.4
193405 -0.4
836129 -0.4
827942 -0.4
639529 0.0
778795 -0.4
426540 0.0
983269 0.0
162597 -0.4
162569 -0.4
999993 -0.4
893499 0.0
836157 -0.4
827970 -0.4
148036 -0.4
972214 0.0
8779 -0.4
868940 -0.4
8781 -0.4
762446 0.0
533071 0.0
8784 -4.4
492114 0.0
1000021 -0.4
836185 -0.4
57947 -0.4
574044 -2.4
827998 -0.4
148064 -0.4
959076 -0.4
541286 0.0
934503 -0.4
287336 -0.4
885354 -2.4
172651 -0.4
696940 -0.4
172659 -0.4
836213 -0.4
98935 -0.4
322324 -0.4
246395 -0.4
606846 -0.4
287363 -0.4
868996 -0.4
1041039 -2.0
688784 -0.4
983697 -0.4
98963 -0.4
426645 -0.4
983703 -0.4
172698 0.0
869019 -0.4
524957 -0.4
680606 0.0
631460 0.0
672423 0.0
560296 -0.4
991916 -0.4
98991 -0.4
426673 -0.4
246451 -0.4
66230 -0.4
730569 -0.4
847988 -0.4
402107 -0.4
123583 -0.4
418496 0.0
966091 -0.4
852676 -0.4
471697 -0.4
99019 -0.4
394740 0.0
148175 0.0
738001 -0.4
360348 -0.4
877267 -0.4
525013 -0.4
74455 -0.4
58075 -0.4
672476 -0.4
828125 -0.4
934623 -0.4
852704 -0.4
90850 -0.4
25316 0.0
238312 -0.4
754409 -0.4
877295 -0.4
525041 -0.4
647924 -0.4
418549 -0.4
901878 0.0
672504 -0.4
131833 -0.4
574203 -0.4
164604 0.0
182244 -0.4
90878 -0.4
25344 -0.4
271112 -0.4
877323 -0.4
287505 0.0
910098 -0.4
828181 -0.4
877334 -0.4
90906 -0.4
60584 -4.4
25372 -0.4
110725 -2.0
58144 -0.4
271140 -0.4
754469 -0.4
844585 -0.4
418605 -0.4
877362 -0.4
762675 0.0
336694 -0.4
795447 -0.4
41785 -4.4
459578 -0.4
238396 -0.4
9023 -0.4
1041217 -0.4
361282 -4.4
860299 -0.4
959303 -0.4
418633 -0.4
536864 -0.4
90962 -0.4
762708 -0.4
459606 -0.4
238424 -0.4
9051 -0.4
985914 -0.4
516958 -0.4
25444 -0.4
484202 0.0
705388 -2.4
90990 -0.4
762736 -0.4
508789 -0.4
787322 -0.4
263035 -0.4
893 -2.4
664447 -0.4
844672 -2.4
533377 -0.4
803714 -0.4
336772 -0.4
839830 -0.4
746374 -0.4
1033095 -0.4
49303 0.0
762764 -0.4
66448 -0.4
508817 -0.4
648082 -0.4
25500 -0.4
533405 -0.4
443294 -2.0
639904 -0.4
328610 -0.4
1033123 -0.4
861094 -0.4
988657 -0.4
762792 -0.4
17324 -0.4
105598 -0.4
295854 -0.4
262448 -4.4
377779 -2.4
33718 -0.4
99256 -0.4
127421 -0.4
639932 -0.4
885694 -0.4
202229 -0.4
541636 0.0
148423 -2.0
1041356 -2.0
402383 -0.4
156624 -0.4
590804 -0.4
934871 -0.4
590808 -0.4
304089 -0.4
213981 0.0
623584 -0.4
500705 -0.4
582630 -0.4
156650 -0.4
721899 -4.4
353260 0.0
9197 0.0
762862 -0.4
844783 -0.4
25584 -0.4
492530 -0.4
394227 -2.4
951289 -2.4
33586 -0.4
541695 0.0
836613 -0.4
181256 0.0
664585 -0.4
331465 -0.4
25612 -0.4
336912 -0.4
844818 -0.4
132115 -0.4
631829 -0.4
32943 -0.4
197660 -4.0
1033245 0.0
386078 -0.4
132128 -0.4
656417 0.0
50211 -0.4
42021 -0.4
25640 -0.4
738345 -0.4
336942 0.0
132143 -0.4
369718 -0.4
582711 -2.0
125791 -0.4
394300 -0.4
42045 -0.4
205888 0.0
9282 -0.4
493067 -0.4
574535 -0.4
330677 -0.4
173132 -0.4
885838 -0.4
330649 -0.4
730199 -0.4
468058 -0.4
205925 -2.4
538129 -0.4
279657 0.0
885866 -0.4
312850 -0.4
124014 -0.4
468086 -0.4
320633 -0.4
1033339 -0.4
885889 -0.4
550021 -0.4
976006 -0.4
124042 -0.4
246925 -0.4
759320 0.0
713877 -0.4
853142 -0.4
967832 -0.4
124059 0.0
74913 -0.4
312483 0.0
165028 -0.4
361640 -0.4
590023 146.88
42157 -0.4
210461 -0.4
517296 -0.4
135368 -0.4
491721 -0.4
246971 0.0
189629 -0.4
492734 -0.4
140479 0.0
66752 -0.4
976067 -0.4
304324 -0.4
973686 -0.4
985331 0.0
1000651 -0.4
394444 -0.4
488258 -0.4
361679 -0.4
281464 -0.4
787669 0.0
451799 0.0
369882 0.0
66780 -0.4
443613 -0.4
672990 -0.4
951519 -0.4
517347 -0.4
222438 0.0
1000679 -0.4
809185 0.0
296178 -0.4
754934 -0.4
499507 -0.4
951547 -0.4
517375 -0.4
640257 -0.4
1041666 0.0
853254 -0.4
238861 -0.4
836880 -0.4
754962 -0.4
738579 0.0
730388 -0.4
484630 -0.4
951575 -0.4
222491 0.0
828700 -0.4
9501 0.0
722206 -0.4
345659 0.0
853282 -0.4
541987 -0.4
492836 -0.4
533799 0.0
443692 -0.4
602075 -0.4
673074 -0.4
435507 -0.4
443702 -0.4
1006473 -0.4
197945 -0.4
722234 -0.4
599357 0.0
853310 -0.4
697666 0.0
935242 -0.4
558412 -0.4
73954 -0.4
787792 -0.4
787793 -0.4
1025365 -0.4
918871 -2.4
894296 -0.4
853338 -0.4
640570 -0.4
491749 -0.4
877922 -0.4
443963 0.0
886118 -0.4
861546 0.0
730476 0.0
673134 -0.4
246712 -0.4
894324 -0.4
378229 -2.0
845174 -0.4
718010 -0.4
935288 -0.4
822164 -0.4
624191 -0.4
877954 0.0
813974 -0.4
615815 -0.4
75151 -0.4
341571 -0.4
935316 -0.4
1010585 -2.4
837017 0.0
329114 -0.4
927131 -0.4
935326 -0.4
664997 -0.4
943526 -0.4
771498 -0.4
157099 -0.4
98546 -0.4
591279 -0.4
615856 -0.4
820659 -2.4
927159 -0.4
959932 -0.4
221453 -0.4
370111 -0.4
263617 0.0
771526 -0.4
107975 -0.4
632264 0.0
476617 -0.4
370122 0.0
419286 -0.4
648664 -4.0
402905 -0.4
83419 -0.4
646053 -0.4
689635 -0.4
681444 0.0
177745 -2.4
738793 -0.4
706031 0.0
902644 -0.4
73982 -0.4
452088 -0.4
247291 -0.4
493055 -2.4
723883 -0.4
681479 0.0
665099 0.0
255500 0.0
583182 -0.4
828945 -0.4
484882 -0.4
118712 -0.4
280085 0.0
648726 -0.4
773039 -0.4
640542 -0.4
378400 -0.4
34337 0.0
126896 -0.4
42533 0.0
583210 -0.4
814002 -0.4
484910 -0.4
747059 -0.4
804405 -0.4
747066 0.0
132667 0.0
378428 -0.4
722493 -0.4
125877 -0.4
542273 -0.4
976452 0.0
632389 -0.4
263754 -0.4
747087 -0.4
640598 -0.4
722521 -0.4
181851 0.0
132708 -0.4
755301 -0.4
263782 -0.4
640626 -0.4
42611 -0.4
1033846 0.0
464489 -0.4
730750 -2.0
165504 0.0
681601 -0.4
263810 -0.4
955067 -0.4
452231 -0.4
437186 -0.4
345742 -0.4
470060 -0.4
393496 -0.4
525970 -2.4
280216 -2.4
583322 -0.4
198300 -0.4
74010 -0.4
272031 -2.4
894783 -0.4
1033894 -0.4
878248 -0.4
452266 -2.0
829099 0.0
132781 -0.4
747182 0.0
48885 -0.4
583350 -0.4
263866 -0.4
106783 -0.4
973770 -0.4
26302 -0.4
829120 -0.4
591553 -0.4
684196 -0.4
951523 -0.4
18125 -0.4
706254 -0.4
149199 -3.92
583378 -0.4
1747 -0.4
263894 -0.4
689883 -0.4
1003813 -0.4
394982 -0.4
330705 -0.4
706282 -0.4
706283 -0.4
771820 -0.4
575216 -0.4
263922 -0.4
1001207 0.0
179156 -0.4
1033981 -0.4
108294 -0.4
706311 -0.4
771848 -0.4
534282 -0.4
706317 0.0
550670 0.0
657167 -0.4
739093 -0.4
886550 -0.4
689945 0.0
83738 -0.4
395038 -0.4
960289 0.0
706339 -0.4
509734 -0.4
501543 -0.4
1025834 -0.4
657195 -0.4
829228 -0.4
1017645 -0.4
739121 -0.4
500019 -0.4
116534 -0.4
395066 -0.4
706367 -0.4
527623 -0.4
526145 -0.4
882315 -0.4
870214 -2.4
984904 0.0
1017673 -0.4
689995 -0.4
493388 -2.4
739149 -0.4
331493 -0.4
640654 -0.4
91990 -0.4
812889 -0.4
296794 -0.4
498709 -0.4
459066 -0.4
665438 -0.4
296799 0.0
124772 -2.0
1017701 -0.4
976743 -2.4
739178 -0.4
221565 -0.4
386930 -0.4
583546 -0.4
235157 -0.4
894848 0.0
960386 -0.4
239491 -0.4
231302 -0.4
1034121 -0.4
628375 -0.4
862092 0.0
300125 -0.4
330733 -0.4
714640 -0.4
241260 -2.4
403346 -0.4
518038 -2.0
1021593 -0.4
92057 0.0
502530 0.0
592879 -0.4
845725 -0.4
688453 -0.4
957424 -0.4
616356 -0.4
1034149 -0.4
419750 -2.0
392177 -0.4
419752 0.0
444329 -0.4
495943 -0.4
631113 -0.4
985020 0.0
81628 -0.4
968647 -4.4
125819 -0.4
787913 0.0
288718 0.0
403407 -0.4
403413 -4.0
498681 -0.4
976859 -0.4
853987 -0.4
198628 -0.4
321511 0.0
395243 0.0
274770 -0.4
83950 0.0
917843 -0.4
198644 0.0
976887 -0.4
878586 -0.4
640682 -0.4
690174 -0.4
862207 -0.4
182272 -0.4
1001475 -2.4
772100 -0.4
403463 -0.4
165896 -0.4
305164 -0.4
763917 -0.4
264206 -2.4
174095 -0.4
682001 0.0
722962 -0.4
976915 -0.4
370708 -0.4
608277 -0.4
862235 -0.4
804898 -0.4
403491 -0.4
354344 -2.4
108587 0.0
305197 -0.4
927791 -0.4
608305 -0.4
149556 -0.4
115038 -0.4
932873 -0.4
313400 0.0
84037 -0.4
845895 -0.4
59464 0.0
649290 -0.4
927819 -0.4
501836 -2.4
262498 -0.4
42625 -4.4
34905 0.0
657499 -2.0
215132 -0.4
75870 -0.4
415419 -0.4
821348 -0.4
927847 -0.4
59499 0.0
346220 -0.4
666642 0.0
649333 0.0
518262 -0.4
845949 -0.4
436351 -4.0
509632 -0.4
927875 -0.4
845956 -2.0
346248 -0.4
133259 -0.4
84110 -0.4
125072 -0.4
985233 -0.4
460946 -0.4
739477 0.0
641175 -0.4
673946 0.0
690331 -0.4
318490 -2.4
676208 -2.4
477346 -0.4
395428 -0.4
133286 0.0
133287 -0.4
34985 -0.4
985261 -0.4
755887 -0.4
730040 -0.4
846005 -0.4
690359 -0.4
477368 -0.4
405876 -0.4
362689 -0.4
84162 -0.4
981546 -0.4
280772 -2.0
370885 -0.4
272583 -0.4
361077 -2.4
461002 -0.4
927947 -0.4
444620 -0.4
911567 0.0
846033 -0.4
444626 -0.4
690387 -0.4
333518 -0.4
26841 -0.4
616143 -0.4
288988 -0.4
629211 0.0
34446 -0.4
370913 -0.4
403684 -0.4
827425 0.0
927975 -0.4
321768 -0.4
725372 -0.4
256235 -0.4
895212 -0.4
198893 -0.4
444654 -0.4
690415 -0.4
887027 -0.4
3113 -0.4
950655 -0.4
370941 -0.4
405977 -0.4
264455 -2.0
198921 -0.4
346379 -0.4
887054 -0.4
887055 -0.4
160746 -0.4
743129 -0.4
215320 0.0
837915 -0.4
157983 -0.4
502048 -0.4
76067 -0.4
788773 -0.4
898078 -0.4
780588 -0.4
1001774 -0.4
895280 -0.4
416388 -0.4
221577 -0.4
362809 -0.4
551227 -0.4
502076 -0.4
682301 -0.4
821571 -0.4
952646 -2.4
67912 0.0
641354 -0.4
371021 0.0
436560 0.0
608593 -0.4
526676 -0.4
362837 -0.4
551255 -0.4
502104 -0.4
682329 -0.4
864655 -0.4
289117 -0.4
985438 -0.4
272735 -0.4
510305 -0.4
706915 0.0
412004 -4.4
1028672 -0.4
1001830 -0.4
657768 -0.4
182633 0.0
92525 -0.4
289136 -0.4
493939 -0.4
518517 -0.4
952694 -0.4
674173 -0.4
485761 -0.4
100739 -0.4
706953 0.0
158090 0.0
878988 -0.4
887181 -0.4
493967 -0.4
895376 -0.4
725400 -0.4
952722 -0.4
606477 -4.4
428438 0.0
936345 -0.4
666019 -0.4
649637 0.0
584104 -0.4
985513 -0.4
1778 -0.4
980190 -0.4
470088 -0.4
256436 -0.4
936373 -0.4
710388 -0.4
778655 -0.4
354750 -0.4
800501 -0.4
584132 -0.4
1018313 0.0
403914 -0.4
256464 -0.4
1026514 0.0
182739 -0.4
977364 -0.4
641495 -0.4
725412 -0.4
510426 -0.4
666075 -0.4
322012 -4.4
526818 -0.4
731619 -0.4
436711 -0.4
338409 0.0
567787 -0.4
674285 -0.4
182767 -0.4
240115 -0.4
700841 -0.4
731643 -2.0
575996 -0.4
731646 -0.4
371200 -0.4
985601 -0.4
76737 -0.4
774242 -0.4
35335 -0.4
256520 -0.4
682505 -0.4
227074 -0.4
657938 -0.4
256532 -0.4
423717 -0.4
576024 -0.4
829978 -0.4
371228 -0.4
985629 -0.4
579333 -0.4
846369 -0.4
256548 -0.4
382726 -0.4
666153 -2.0
1002026 -0.4
43564 0.0
930226 -0.4
256560 -0.4
780849 -0.4
1010229 -0.4
420406 -0.4
731703 -0.4
303540 -0.4
535099 -0.4
789054 0.0
988924 -0.4
109126 -0.4
330313 -0.4
256588 -0.4
338512 -0.4
10833 0.0
322132 -0.4
133722 -2.0
59997 -0.4
1018463 -0.4
281185 -0.4
780899 -0.4
417754 -0.4
647612 -0.4
903786 -0.4
830567 -0.4
420462 -0.4
758205 0.0
158321 -0.4
469619 -0.4
887415 -0.4
838264 0.0
215674 -0.4
659903 -0.4
707198 -0.4
952959 -0.4
102848 -0.4
952971 0.0
322188 -0.4
262594 -0.4
510608 -0.4
256660 -0.4
215702 -0.4
1002135 -0.4
428698 -2.4
133788 -0.4
60061 -4.0
700869 -0.4
551587 -0.4
477862 0.0
649895 -0.4
805550 -0.4
487880 -0.4
461493 -0.4
330424 0.0
1018559 0.0
649923 -0.4
777334 -0.4
648993 -2.4
871112 -2.4
805578 -0.4
715469 0.0
322257 -0.4
543442 -0.4
830164 -0.4
445143 -0.4
723672 -0.4
576217 0.0
346846 -2.4
649951 -0.4
228475 -0.4
723687 0.0
256745 -0.4
990839 0.0
819666 -0.4
813806 -0.4
830192 -0.4
396017 0.0
994035 0.0
248565 -0.4
667513 -0.4
649979 -0.4
551678 -0.4
469759 -0.4
60160 -0.4
584450 -0.4
60163 -0.4
1035012 -0.4
224011 -0.4
943917 -0.4
936720 -0.4
469777 -0.4
961300 -0.4
741790 -0.4
731927 -0.4
60188 -0.4
584478 -0.4
659931 -0.4
183084 -0.4
871214 0.0
322352 -0.4
760968 -0.4
731955 -0.4
437046 -0.4
977719 -0.4
584506 -0.4
381421 -0.4
584510 -0.4
284470 0.0
183112 -0.4
642188 -0.4
101197 -0.4
1018702 0.0
789327 -0.4
609105 -0.4
437074 -0.4
731989 -0.4
346972 0.0
641885 -0.4
476375 -0.4
823781 0.0
183140 -0.4
478055 -0.4
27498 -0.4
879467 0.0
27500 -2.4
437102 -0.4
743157 -0.4
363381 -0.4
396150 0.0
158584 -0.4
543609 -0.4
396154 -0.4
215931 -0.4
682876 -2.4
117697 -0.4
904066 -0.4
27526 -0.4
437130 -0.4
228503 -0.4
789391 -2.4
543634 -0.4
773011 -0.4
183188 -0.4
516590 -0.4
60310 -0.4
125849 -0.4
209391 -0.4
1035165 -0.4
297890 -0.4
76709 -0.4
437158 -0.4
895912 0.0
732073 -0.4
289707 -0.4
573938 -0.4
1006749 -0.4
60338 -0.4
453557 -2.0
702281 -0.4
1035193 0.0
273339 -2.0
379837 -0.4
297918 -0.4
347073 0.0
76738 -0.4
674756 -2.0
732101 -0.4
723911 -0.4
216009 -0.4
183244 -0.4
60366 -0.4
272205 -2.4
725496 -0.4
183252 -0.4
537081 0.0
437214 -0.4
84961 -0.4
781291 -0.4
584685 -0.4
674798 -0.4
404463 -0.4
183280 -0.4
642216 -0.4
592884 -0.4
920569 -0.4
730068 -0.4
486397 -0.4
388097 -0.4
101381 -0.4
999937 -0.4
314376 0.0
773130 -0.4
68620 -0.4
715790 -0.4
592912 -0.4
887826 -0.4
797716 -0.4
920597 -0.4
920601 -0.4
527390 -0.4
101409 -0.4
568355 -0.4
68648 -0.4
642089 -0.4
232490 -0.4
371755 -0.4
117804 -0.4
486445 -0.4
846895 -0.4
519218 -2.4
85050 -0.4
329567 0.0
240702 -0.4
3253 -0.4
362905 0.0
781377 -0.4
379970 -0.4
773188 0.0
35909 -4.0
371783 -0.4
592968 -0.4
414220 -0.4
830539 -0.4
732236 -0.4
344589 -0.4
420946 -0.4
658517 -0.4
592982 0.0
396376 -0.4
558948 -0.4
1043546 -0.4
683099 -0.4
1027173 -0.4
830566 -0.4
770577 -0.4
740456 0.0
461930 -0.4
333671 -0.4
339054 0.0
642159 -0.4
101854 -0.4
535674 -0.4
330879 -0.4
1027201 -0.4
830594 -0.4
461958 -0.4
910382 -4.4
11404 -0.4
158862 0.0
109716 -0.4
994454 -0.4
642201 -0.4
601243 -0.4
568479 -0.4
461986 -0.4
642214 -0.4
60583 -0.4
740520 -0.4
922931 -0.4
624498 0.0
1043630 -0.4
642229 -0.4
937150 -2.4
497525 -0.4
724171 -0.4
658637 -0.4
453839 -0.4
658642 -0.4
52438 -0.4
838871 -0.4
830680 -0.4
773337 -0.4
699611 -0.4
665466 -0.4
642270 -0.4
322784 -0.4
27875 -0.4
773354 0.0
995879 -0.4
767869 0.0
871666 -0.4
828457 -0.4
830708 -0.4
314616 0.0
642298 -0.4
322816 -0.4
716034 -0.4
863491 0.0
716036 -0.4
956289 -0.4
85260 0.0
59266 -0.4
249102 -2.4
716052 -2.0
650522 -0.4
3355 -0.4
576800 -0.4
150818 -0.4
453923 -0.4
739206 -0.4
290087 -0.4
576811 0.0
797996 -0.4
83766 -0.4
961843 -0.4
806196 0.0
322782 -4.4
453951 -0.4
863553 0.0
879938 0.0
707907 -0.4
732484 0.0
184514 -0.4
961871 -0.4
789840 -0.4
478551 -0.4
273769 -0.4
789868 -0.4
601455 -0.4
281971 -0.4
863604 -0.4
470389 -0.4
77181 0.0
93569 0.0
60802 -0.4
724356 -0.4
550806 0.0
306567 -0.4
978319 0.0
421268 -0.4
617877 -0.4
937367 -4.32
77209 -0.4
722842 0.0
232862 0.0
150947 -0.4
789924 -0.4
167334 -0.4
847272 0.0
609707 0.0
445870 0.0
642481 -2.4
396723 0.0
77237 -0.4
437686 -0.4
257463 0.0
105716 -0.4
1043900 -0.4
130507 -0.4
454080 -0.4
101826 -0.4
339395 -0.4
462290 0.0
134611 -0.4
1043928 -0.4
863706 -2.4
454109 -0.4
683486 -0.4
314852 -0.4
724454 -0.4
249320 146.88
69098 -0.4
944039 0.0
696914 -0.4
3569 0.0
675314 -0.4
454137 -0.4
888319 -0.4
60928 -0.4
562324 -0.4
28169 -0.4
257546 -0.4
970251 -0.4
814605 -0.4
244533 -0.4
973742 -0.4
282140 -0.4
314909 -0.4
159262 -0.4
495135 0.0
200225 -0.4
781858 -0.4
781859 0.0
232997 0.0
257574 -0.4
970279 -0.4
568872 -0.4
675370 -0.4
859399 -0.4
116326 0.0
601646 -0.4
207809 -0.4
511538 0.0
921142 -0.4
716343 -0.4
306745 0.0
200253 -0.4
69184 -0.4
577091 -0.4
929349 -0.4
681805 -0.4
167495 -0.4
970315 0.0
648253 -0.4
339213 -2.0
372304 0.0
921170 -0.4
323155 -0.4
1019482 -0.4
577119 -0.4
241249 -0.4
437858 -0.4
167523 -0.4
1003115 -4.0
355948 0.0
290414 -0.4
563133 -0.4
1003120 -0.4
986737 0.0
642675 -0.4
331381 -0.4
1019510 -0.4
413303 -0.4
183928 -0.4
724602 -0.4
1027710 -0.4
167551 -0.4
52865 -0.4
265858 -0.4
904837 -0.4
560774 0.0
631404 -2.4
650896 -0.4
331409 -0.4
921234 -0.4
446099 -0.4
429716 -0.4
159385 -0.4
167579 -0.4
568989 0.0
56045 0.0
470693 -0.4
110249 -2.4
650924 -0.4
781997 -0.4
970414 0.0
143027 -0.4
347830 0.0
126647 -0.4
61119 -0.4
315075 -0.4
593604 -0.4
619126 -0.4
20166 -0.4
642759 -0.4
364233 -0.4
325581 -0.4
815736 -0.4
388820 -0.4
665550 -0.4
839384 -2.4
593632 -0.4
642787 -0.4
364261 -0.4
143080 -0.4
134891 -0.4
675566 -0.4
880367 -0.4
85754 0.0
3835 -0.4
241406 -0.4
364289 -0.4
979417 -0.4
995083 0.0
356108 -0.4
233230 -0.4
782095 -0.4
934531 -0.4
593684 0.0
429849 0.0
708378 0.0
497627 -0.4
1011492 -0.4
1027879 -0.4
20264 -0.4
986924 -0.4
577325 -0.4
282430 -0.4
249664 -0.4
397123 -0.4
610119 -0.4
798538 -0.4
618318 -0.4
847698 -0.4
849891 -0.4
1011540 -0.4
331607 -2.4
841700 -0.4
380762 -0.4
500367 -0.4
53084 -0.4
102237 -0.4
962399 0.0
233315 -2.0
978789 -0.4
773991 -0.4
1019755 0.0
143215 -0.4
345280 -0.4
905076 0.0
561013 0.0
380790 -0.4
669673 0.0
503672 -0.4
102265 -0.4
241530 0.0
610175 -0.4
823171 -0.4
339848 -2.4
651145 -0.4
143243 -0.4
954252 -0.4
499010 -0.4
946065 -0.4
741266 -0.4
266131 -0.4
126868 -0.4
200598 -2.4
512665 -2.4
667553 0.0
339874 0.0
69539 -0.4
143271 -0.4
659368 -0.4
397227 -4.4
374823 -0.4
970671 -0.4
847792 -0.4
534515 0.0
413621 -0.4
208823 -2.4
839608 -0.4
561082 -0.4
77755 -0.4
872382 -0.4
602047 -0.4
465260 -0.4
970699 -0.4
757709 -0.4
143311 -2.4
864208 -0.4
990542 -0.4
588254 -0.4
397275 -0.4
888796 -0.4
602078 -0.4
397279 -0.4
45026 -0.4
970727 -0.4
184296 -0.4
757737 -0.4
1000429 -0.4
118768 -0.4
528376 -0.4
815108 -0.4
757765 -0.4
12296 -0.4
7511 -0.4
733197 -0.4
462862 -2.4
209581 -2.4
331792 -0.4
741401 -0.4
454684 -0.4
1021957 -0.4
684064 -0.464
187264 -0.4
708642 -0.464
299043 -0.4
954409 -0.4
790570 -0.4
839725 -0.4
716846 0.0
960520 -0.4
430135 -0.4
733241 -0.4
847932 -0.4
520253 -0.4
160437 -0.4
618560 -0.4
790596 -0.4
954437 -0.4
454726 -0.4
405575 -0.4
839753 -0.4
1028170 0.0
856139 0.0
921676 -0.4
209363 -0.4
524985 -0.4
847960 -0.4
520281 -0.4
282718 0.0
479330 -2.0
667747 -0.4
135271 -0.4
692329 -0.4
888938 0.0
626797 -0.4
143472 -0.4
413811 -0.4
282740 0.0
364664 0.0
990570 -0.4
774270 -0.4
135296 0.0
708738 0.0
610436 -0.4
159877 -0.4
319569 0.0
929929 -0.4
143500 -0.4
815246 -0.4
340116 -0.4
422038 0.0
51970 -0.4
921760 -0.4
127140 0.0
184486 -0.4
135340 -0.4
250031 -0.4
340144 -0.4
900467 -0.4
381110 -2.4
684218 0.0
921788 -0.4
676031 -0.4
118978 -4.4
299208 0.0
291021 -0.4
364750 -0.4
880849 -0.4
274644 -0.4
676055 -0.4
923684 0.0
954587 -0.4
979165 0.0
569568 0.0
94434 -0.4
135396 -0.4
163196 -2.4
299243 0.0
274672 -0.4
332017 -0.4
258292 -0.4
528629 -0.4
151799 -0.4
168187 -0.4
135424 -0.4
492790 -0.4
954627 -0.4
487685 -0.4
372998 -0.4
504073 -0.4
921867 -0.4
274700 -0.4
332045 -0.4
708879 -2.4
528657 -0.4
151827 -0.4
938263 -0.4
856348 -2.4
504096 -0.4
553249 -2.4
545058 -0.4
504101 -0.4
332073 -0.4
426778 -0.4
528685 -0.4
576151 -0.4
260147 -0.4
129109 -0.4
815414 0.0
632884 -0.4
20797 -0.4
374837 -0.4
48857 -0.4
627012 -0.4
332101 -0.4
463174 -0.4
913735 0.0
848204 0.0
618829 -0.4
504142 -2.4
356690 -0.4
913747 -0.4
61782 0.0
405848 -0.4
790878 -0.4
332129 -0.4
1044839 -0.4
12654 -0.4
610672 0.0
86385 0.0
881010 -2.4
512371 -2.4
455028 -2.0
964670 -0.4
381302 -0.4
1003896 -0.4
586107 0.0
258428 -0.4
569725 -0.4
658837 -0.4
274824 -0.4
471433 -0.4
44439 -0.4
504204 -0.4
889231 -0.4
889232 -0.4
258456 -0.4
1044890 -0.4
872862 -0.4
618913 -0.4
700836 -0.4
315813 -0.4
651686 -0.4
176551 -0.4
946600 -0.4
217513 -0.4
889260 -0.4
938416 -0.4
946610 -0.4
790968 -0.4
618941 -0.4
242111 -0.4
86464 -2.4
258501 -0.4
889288 -0.4
946635 0.0
717261 -0.4
946638 -0.4
405968 -0.4
20946 -0.4
175523 -2.4
790996 -0.4
496087 -0.4
618969 -0.4
438747 0.0
725468 -0.4
152037 -0.4
782823 0.0
127464 -0.4
537065 -0.4
946666 -0.4
364590 -0.4
194642 -0.4
528878 -0.4
235564 -0.4
1012210 -0.4
21246 0.0
930294 -0.4
119288 -0.4
176633 -0.4
201212 -0.4
243797 -0.4
1020416 -0.4
373504 -0.4
695723 -0.4
127492 -0.4
537093 -0.4
266760 -0.4
758282 0.0
676363 -0.4
1004044 -0.4
815629 -0.4
766481 -0.4
930322 -0.4
119316 -0.4
1036832 0.0
266788 -0.4
676391 -0.4
848426 -0.4
766509 -0.4
922161 0.0
788574 -0.4
397878 -2.0
1032637 -0.4
332349 0.0
135743 0.0
815680 -0.4
619074 -2.4
881219 0.0
971332 -2.0
160325 -0.4
864838 -2.4
868968 -0.4
643659 -2.4
1012300 -0.4
111188 0.0
454339 0.0
217690 -0.4
815708 -0.4
160353 -0.4
643685 -0.4
418577 -0.4
643689 -0.4
86636 -0.4
701037 -0.4
750195 -0.4
471669 -0.4
676470 0.0
889464 0.0
799353 -0.4
160381 -0.4
167360 -0.4
502623 -0.4
111235 -0.4
1012361 0.0
94859 0.0
209548 -0.4
340622 -0.4
750223 -0.4
660113 0.0
897682 0.0
733847 -0.4
160409 -0.4
53915 -0.4
671749 0.0
668317 0.0
258718 -0.4
348832 -0.4
881313 0.0
250530 -0.4
324259 -0.4
225959 -0.4
340650 -0.4
930477 -2.4
258735 -0.4
733875 -0.4
717493 -0.4
53943 -0.4
889530 -0.4
840379 -0.4
504508 -0.4
127679 -0.4
119489 -0.4
733890 -0.4
225987 -0.4
1026166 -0.4
176839 0.0
856776 -0.4
826828 -0.4
219255 -0.4
815820 -0.4
717521 -0.4
520918 0.0
848599 0.0
463576 0.0
651996 -0.4
226015 -0.4
357088 -0.4
155088 -0.4
406243 -0.4
163012 0.0
971494 -0.4
815848 -0.4
357097 -0.4
905966 0.0
955119 -0.4
316144 -0.4
250609 -0.4
249299 0.0
209655 -0.4
455417 -0.4
226043 -0.4
70398 0.0
406271 -0.4
447232 0.0
815876 -0.4
111366 -2.4
95021 -0.4
234256 -0.4
578323 -0.4
987924 -0.4
455445 -0.4
856855 0.0
553754 0.0
317331 -0.4
365348 0.0
78629 -2.4
144167 -0.4
234281 -0.4
1012525 -0.4
578351 -0.4
13106 -0.4
986590 0.0
78648 -0.4
62265 0.0
78652 -0.4
160574 -0.4
193344 -0.4
193346 -0.4
895115 -0.4
90934 -0.4
201550 -0.4
627539 -0.4
422742 -0.4
60900 -0.4
922460 0.0
193374 -0.4
990693 0.0
365409 -0.4
45925 -0.4
553831 0.0
463721 -2.4
930669 0.0
504686 -0.4
988015 -0.4
78704 -0.4
1004401 0.0
422770 -0.4
832371 -0.4
897913 -0.4
422779 -0.4
365437 -0.4
979846 -2.4
177032 -0.4
504714 -0.4
516930 -0.4
438801 -0.4
897941 -0.4
735385 0.0
193433 -0.4
452762 0.0
193349 -0.4
807841 0.0
119714 -0.4
166043 -0.4
545700 -0.4
606534 -0.4
901410 -0.4
406442 0.0
758706 -0.4
775092 -0.4
78776 -0.4
160698 0.0
160699 -4.4
78782 -0.4
848833 -0.4
222486 -0.064
480196 -2.4
259015 -0.4
480201 0.0
709581 -0.4
529358 -0.4
970729 -0.4
900601 -0.4
885894 -0.4
562144 -0.4
586724 146.88
534694 -2.4
709609 -0.4
578538 0.0
770898 -0.4
250862 -2.0
792744 -0.4
398323 -0.4
578555 -0.4
137107 -0.4
889858 -0.4
381955 -0.4
13317 -0.4
160774 -0.4
103431 -0.4
177160 -0.4
431115 -0.4
477357 -0.4
717840 -0.4
1008472 -0.4
578583 -0.4
128024 -0.4
111645 -0.4
463902 -0.4
431135 0.0
989008 -0.4
341028 0.0
906277 -0.4
857126 -0.4
899249 -0.4
278794 -0.4
371156 -0.4
390191 0.0
70706 -0.4
619571 -2.4
572197 0.0
791606 -0.4
873529 0.0
70495 -0.4
709692 0.0
215221 -0.4
832576 0.0
824389 0.0
193377 -0.4
226378 -0.4
144459 -0.4
832589 -0.4
422992 0.0
437989 -0.4
128088 -0.4
996441 -0.4
554074 -0.4
562268 -0.4
1029213 -0.4
1037409 -2.4
889957 -2.4
70758 -0.4
423018 -0.4
7539 -0.4
351762 0.0
865390 -0.4
951603 -0.4
177270 -0.4
570488 -0.4
1029241 -0.4
857211 -2.4
152702 -0.4
717951 0.0
455809 -0.4
627844 -0.4
234629 -0.4
341128 -0.4
947339 -0.4
971916 -4.0
1011107 -0.4
259214 -2.4
21649 -0.4
218260 -0.4
498569 -0.4
152730 -0.4
529263 0.0
562332 0.0
799902 0.0
226466 0.0
791719 -0.4
60956 -0.4
783218 -0.4
562352 -0.4
21684 -0.4
1037493 -0.4
357559 -0.4
390328 -0.4
136378 -0.4
431298 -0.4
406723 0.0
349382 0.0
234696 -0.4
586953 0.0
226508 0.0
1037519 -0.4
333008 -0.4
152788 0.0
79061 0.0
718038 -0.4
365783 0.0
177369 -0.4
447706 -0.4
128221 -0.4
136414 0.0
251956 -0.4
308451 0.0
1003472 -0.4
333036 -0.4
96466 0.0
261414 -0.4
201970 -0.4
796883 -0.4
390389 -0.4
890104 -0.4
587003 -0.4
146986 -0.4
464126 -0.4
357632 -0.4
25472 -0.4
701699 -0.4
21768 -0.4
472332 0.0
492418 -0.4
185614 -0.4
229044 -0.4
890132 -0.4
929326 -0.4
102473 -0.4
587031 -0.4
21786 -2.4
701724 -2.0
628398 -0.4
1045792 -2.0
88283 -2.0
186588 -0.4
361351 -2.0
988460 -0.4
185649 0.0
587059 -0.4
406836 -0.4
357688 -0.4
267578 -0.4
431421 -0.4
234818 -0.4
890183 0.0
267594 0.0
635789 0.0
972112 -0.4
267606 -0.4
300377 -0.4
931162 -0.4
111965 0.0
907493 -2.4
161122 -0.4
1004899 0.0
595300 146.88
472422 -2.0
922987 -0.4
996717 -2.0
341176 -0.4
857462 -0.4
505208 -0.4
70523 -0.4
1004925 0.0
595328 -0.4
390529 -0.4
21892 -2.0
570759 -0.4
70551 -0.4
316884 0.0
562577 -2.4
71059 0.0
505236 -0.4
136597 -2.4
103833 0.0
775580 -0.4
447903 -0.4
724149 0.0
570787 -0.4
727281 -0.4
914857 -0.4
791980 0.0
619950 0.0
526579 -0.4
492446 -0.4
390582 -0.4
505271 -0.4
267705 -0.4
472507 -0.4
652732 -0.4
587202 -2.4
300483 -0.4
112068 0.0
914885 -0.4
922529 -0.4
855629 0.0
120274 0.0
300500 -0.4
660950 -0.4
5592 -0.4
226778 -0.4
185819 -0.4
906718 0.0
300511 -0.4
390625 -0.4
243172 -0.4
595429 0.0
677353 -0.4
267756 -0.4
300528 -0.4
861096 0.0
660978 -0.4
716371 -0.4
218613 -0.4
300537 -0.4
678143 -0.4
654933 -0.4
701953 -0.4
267784 -0.4
140204 -0.4
333323 -0.4
300556 -0.4
454711 -0.4
103953 -0.4
13842 -2.4
136728 0.0
890394 -0.4
1037852 0.0
65114 -0.4
390686 -0.4
431648 -0.4
218657 -2.4
759331 0.0
333351 -0.4
980523 -0.4
71213 -0.4
398898 -0.4
177715 -0.4
243260 -2.4
686346 -0.4
439874 -0.4
690443 -0.4
751175 -0.4
644682 -0.4
464461 -0.4
398926 -0.4
603729 -0.4
439891 -0.4
574393 -2.4
376420 -0.4
595549 -0.4
194151 -0.4
590780 -0.4
398954 -0.4
333422 -0.4
530031 0.0
570996 -0.4
710265 -0.4
751229 -0.4
54911 -0.4
194179 -0.4
835180 -0.4
226955 -0.4
677518 -0.4
767637 -0.4
95895 0.0
308888 -0.4
762820 -0.4
489118 -0.4
383459 -0.4
808612 0.0
956069 -0.4
882343 -0.4
332743 -0.4
652973 -2.4
390830 -0.4
759473 -0.4
71346 -2.0
628403 -0.4
759478 -0.4
551199 -0.4
743101 -0.4
513726 -0.4
333506 -0.4
14020 -0.4
186057 -0.4
251595 -0.4
751308 0.0
349902 0.0
628431 -0.4
160718 -0.4
169687 0.0
653017 0.0
688425 -0.4
661214 -0.4
497375 -0.4
415458 0.0
235238 -0.4
939754 -0.4
218859 -0.4
671513 -0.4
198781 -0.4
133586 -0.4
562932 0.0
292597 -0.4
492500 -0.4
761471 -0.4
169724 -0.4
513793 0.0
235266 -0.4
841475 -0.4
628485 0.0
554758 -0.4
153354 -0.4
366348 -0.4
22285 -0.4
489230 -0.4
312280 -0.4
136981 -0.4
513814 0.0
825113 -0.4
620316 -0.4
227102 -0.4
186143 -0.4
912109 -0.4
808740 0.0
1021733 -0.4
972584 -0.4
22313 -0.4
489258 -0.4
702253 -0.4
339539 -2.0
825141 -0.4
726838 -0.4
735540 -0.4
448315 -0.4
972122 -0.4
145213 -0.4
808769 -0.4
636739 0.0
22341 -0.4
620360 0.0
30537 -0.4
620362 -0.4
508665 -0.4
628559 0.0
808784 -0.4
137045 0.0
644950 0.0
887097 -0.4
751452 -0.4
268602 -0.4
890718 -0.4
96096 -0.4
939873 0.0
956261 -0.4
620390 -0.4
718695 -0.4
161645 0.0
352089 -0.4
190781 0.0
481136 -0.4
581772 -0.4
63806 0.0
300918 -0.4
219005 -0.4
767872 -0.4
55169 -0.4
718723 -0.4
1038216 -0.4
882569 -0.4
112527 -0.4
497553 -0.4
300946 -0.4
890771 0.0
472980 -0.4
235413 -0.4
169879 -0.4
735130 -0.4
1038237 -0.4
50160 -0.4
219042 -0.4
685990 -2.0
710568 -0.4
112553 0.0
448839 -0.4
317359 -0.4
595888 -0.4
325553 -0.4
235443 0.0
964534 -0.4
776122 -0.4
268219 -2.4
1001802 -0.4
358334 0.0
620487 -0.4
571341 -0.4
128978 -0.4
631801 -0.4
866267 0.0
309218 -0.4
620515 -0.4
219108 146.88
210917 0.0
571369 -0.4
38890 0.0
554989 -0.4
129006 -0.4
63475 -0.4
251893 -2.4
210934 -2.4
364201 -0.4
22521 -0.4
260091 -0.4
800765 0.0
887125 -0.4
571397 -0.4
391176 -0.4
555017 -0.4
40031 0.0
463874 -0.4
331437 -0.4
235536 -0.4
333841 -0.4
38932 -0.4
22549 -0.4
382998 -0.4
489499 -0.4
628764 -0.4
628766 -0.4
218977 -0.4
76039 -0.4
399394 0.0
1005604 -0.4
197973 -0.4
186407 -0.4
972841 0.0
128007 -2.4
937582 -0.4
194606 -0.4
71731 0.0
669748 -2.0
371038 -0.4
47158 0.0
489527 -0.4
825400 -0.4
243769 -0.4
784446 0.0
374848 -2.4
776257 0.0
752268 -0.4
374851 -0.4
194634 -0.4
167607 -0.4
940111 -0.4
628818 0.0
227411 -2.4
145493 -0.4
899159 -0.4
47199 -0.4
809058 0.0
546917 0.0
751719 -0.4
52088 0.0
727145 -0.4
350319 0.0
899189 -0.4
448630 -0.4
690537 -0.4
505977 -0.4
661628 -0.4
791356 -0.4
727173 -0.4
982707 -0.4
955415 -0.4
661645 0.0
899217 -0.4
941763 -2.0
222779 -0.4
178330 -0.32
211311 -0.4
407708 -0.4
364229 -0.4
702624 0.0
492571 -0.4
792740 0.0
655046 0.0
899238 -0.4
243880 -0.4
926748 -0.4
96428 -0.4
899245 -0.4
211118 -0.4
981169 146.88
784562 -0.4
551283 -0.4
365598 -0.4
495305 -4.4
935298 -0.4
792762 -0.4
850107 0.0
951283 -0.4
80061 -0.4
350399 -0.4
211136 -0.4
1013955 -0.4
260296 -0.4
129225 -0.4
784590 -0.4
227538 0.0
792790 -0.4
177188 -0.4
956635 -0.4
211164 -0.4
948448 -0.4
351952 -0.4
129253 -0.4
265937 -0.4
448744 -0.4
391401 0.0
1013994 -0.4
431143 -0.4
112878 -0.4
145647 0.0
320552 146.88
956663 -0.4
276732 -0.4
14589 -0.4
63742 0.0
612607 -0.4
39169 -0.4
833796 -0.4
1014022 -0.4
858376 -0.4
801034 -0.4
727309 -0.4
694543 -0.4
506133 -0.4
260375 -0.4
14617 -0.4
88346 0.0
144431 -0.4
710940 -0.4
39197 -0.4
268574 -0.4
71968 -0.4
366881 -0.4
735522 -2.4
407844 0.0
686374 -0.4
949980 -0.4
792875 0.0
719149 -0.4
997678 -2.4
751921 0.0
260403 -0.4
122694 -0.4
211255 -0.4
923961 -2.0
457018 -0.4
792893 -0.4
891198 -0.4
457023 -0.4
1005888 -0.4
923971 -0.4
655073 -0.4
342346 -0.4
964942 -0.4
465232 -0.4
153938 0.0
211283 -0.4
72020 -0.4
285013 -0.4
268630 -0.4
457051 -0.4
1005916 -0.4
880357 0.0
39264 -0.4
730171 -0.4
685116 0.0
809324 -0.4
558141 -0.4
72048 -0.4
268658 -0.4
244115 -0.4
1005944 -0.4
752020 -0.4
547196 -0.4
940416 -0.4
562240 -0.4
604549 -0.4
604552 -0.4
211339 -0.4
72076 -0.4
588173 -0.4
727443 0.0
1005972 -0.4
842133 -0.4
883095 -0.4
842147 -0.4
940453 -0.4
121258 -4.4
825772 -0.4
203181 -0.4
924078 -0.4
752048 -0.4
113074 -4.0
383411 -2.4
139338 -0.4
96694 -0.4
194999 0.0
522683 -0.4
47551 -0.4
571842 -2.0
383431 -0.4
203209 -0.4
63948 -0.4
477301 -0.4
950008 -0.4
842203 -0.4
31196 -0.4
96734 -0.4
874917 0.0
588256 -0.4
334306 -0.4
23011 -0.4
1022437 -0.4
907750 -0.4
842217 -0.4
270821 -0.4
825838 -0.4
473588 -0.4
416245 0.0
551242 0.0
784810 0.0
449023 -0.4
466688 -0.4
924162 0.0
331521 -0.4
227854 0.0
321965 0.0
481808 -0.4
129553 -0.4
809491 -0.4
743958 -2.4
472153 -0.4
539162 -0.4
277020 0.0
760349 0.0
547360 0.0
1006116 0.0
672566 -0.4
875050 -0.4
64045 -0.4
399918 0.0
645679 -0.4
137777 -0.4
285238 -0.4
917257 -0.4
793148 -0.4
653886 -0.4
760385 0.0
981571 0.0
875078 -0.4
629319 -0.4
690301 0.0
137805 -0.4
227919 -0.4
981584 -0.4
752212 -0.4
1014358 -0.4
793176 -0.4
23133 -2.0
357477 -0.4
750694 0.0
48913 -0.4
416360 -0.4
383593 -0.4
981612 -0.4
752240 -0.4
883315 -0.4
793204 -0.4
710857 -0.4
64124 -0.4
637566 -0.4
645761 -0.4
342658 -0.4
170628 -0.4
55942 -4.4
400010 -0.4
39563 -0.4
375436 -0.4
186818 -0.4
473743 -0.4
391828 -0.4
570478 -0.4
655129 -0.4
326297 0.0
637594 -0.4
645789 -0.4
457374 -2.4
318116 -0.4
768677 0.0
400038 -0.4
471868 -0.4
211624 -0.4
211625 -0.4
99392 146.88
621231 -2.4
1030834 -0.4
858806 -3.6
645817 -0.4
686780 -0.4
640118 -0.4
228042 -0.4
1030862 -0.4
562296 -0.4
453588 -0.4
300153 -0.4
367325 -0.4
64229 -0.4
228070 -0.4
359149 -0.4
186846 -0.4
356136 -0.4
264660 -0.4
47867 -0.4
891645 -0.4
752382 -0.4
498433 0.0
1022722 -0.4
269061 -0.4
205953 -0.4
514825 -0.4
359180 -0.4
793365 -0.4
555803 0.0
498460 -0.4
580382 -0.4
551387 -0.4
981797 -2.4
679730 -0.4
154414 -0.4
318256 -0.4
245555 -0.4
891701 -0.4
891702 0.0
498488 -0.4
580410 -0.4
383804 0.0
506688 -0.4
39745 -0.4
351044 -0.4
736069 -0.4
777030 0.0
477329 -0.4
154442 -0.4
785228 -0.4
784866 -0.4
435341 -0.4
940881 -0.4
239463 -0.4
908116 -0.4
834389 -2.4
949078 -0.4
7001 -0.4
973658 -0.4
154461 -0.4
548526 -0.4
375650 -0.4
211814 -0.4
990055 0.0
654186 -2.4
908144 -0.4
31604 -0.4
7029 -0.4
31606 -0.4
570516 -0.72
455781 -0.4
269184 0.0
894102 0.0
1022857 -0.4
908172 -0.4
211856 -0.4
528195 -0.4
97179 0.0
760733 -0.4
523169 -0.4
342947 -0.4
827206 -0.4
474030 -0.4
187316 -0.4
400310 -0.4
720713 -0.4
179128 -0.4
719801 -0.4
1031099 0.0
908228 0.0
326599 -0.4
842696 -2.0
318410 -0.4
342987 -0.4
736206 -0.4
957396 -0.4
965590 -2.4
929880 -0.4
181412 -0.4
465883 -0.4
195548 -0.4
793565 0.0
252895 -0.4
424928 -0.4
981986 -0.4
744420 -0.4
244710 -0.4
408559 0.0
687088 -2.4
1192 -2.4
728054 -0.4
646137 -0.4
1039354 0.0
941053 -0.4
474114 -0.4
285699 -0.4
777220 -0.4
48982 -0.464
883720 -0.4
7177 -0.4
678927 -0.4
326673 0.0
351253 -0.4
752663 -0.4
392216 -0.4
171034 -0.4
132271 -0.4
327515 -0.4
31780 -0.4
179240 -0.4
503644 -0.4
120537 -0.4
613421 0.0
785455 -0.4
547888 -0.4
154679 -0.4
875578 -0.4
678974 -2.4
269750 -2.4
785483 -0.4
845867 -0.4
154706 -0.4
610147 -0.4
662612 -0.4
981518 -0.4
875606 -0.4
199854 -0.4
973917 -0.4
228447 -0.4
171104 -0.4
400481 -0.4
449636 -0.4
687205 -0.4
244241 -0.4
1034770 -0.4
1047663 -0.4
875634 -0.4
645651 -0.4
949364 -0.4
482421 -0.4
695414 -4.0
212089 0.0
523386 -4.4
334971 -0.4
781319 -0.4
719998 -0.4
818304 -0.4
181440 -0.4
40066 0.0
48264 0.0
974700 -0.4
365763 0.0
351382 -0.4
334999 -0.4
56477 -0.4
752803 -0.4
464070 -0.4
744616 -0.4
621737 -0.4
343210 -0.4
515245 -0.4
310446 0.0
269488 -0.4
980168 -2.0
228532 -0.4
105654 -0.4
294076 -0.4
294079 0.0
588993 -2.4
15554 -0.4
744644 -0.4
585590 -0.4
933062 -0.4
562380 -0.4
795591 0.0
89295 -0.4
1023185 -0.4
105682 -0.4
957652 -0.4
482517 -0.4
345252 -0.4
990423 -0.4
785630 -0.4
285221 -0.4
52893 -0.4
701648 -0.4
933090 -0.4
163370 -0.4
498916 -2.4
892141 -0.4
195822 -0.4
48371 -0.4
548084 -0.4
31995 -0.4
597244 -0.4
223786 -0.4
933118 -0.4
572672 -0.4
638212 -0.4
875781 -0.4
498951 0.0
425226 -0.4
924939 -0.4
949516 -0.4
48399 -0.4
900371 -0.4
613653 -0.4
492762 -0.4
736544 -0.4
875809 -0.4
515366 -0.4
215601 -2.4
949544 -0.4
345308 -0.4
916779 -0.4
489691 -2.4
900399 -0.4
613681 -0.4
270849 -0.4
394462 -0.4
1031478 -0.4
7483 -0.4
97597 -0.4
261442 -0.4
539190 -0.4
335175 -2.4
843081 -0.4
990539 0.0
89420 -0.4
15694 -0.4
536461 0.0
163152 -0.4
957777 -2.0
1031506 -0.4
122195 -0.4
982356 -0.4
737166 -0.4
556374 -0.4
253271 -2.4
1015129 -2.4
589146 -0.4
261467 -0.4
449884 -0.4
53824 -0.4
187750 -0.4
408936 0.0
376169 -0.4
15722 -0.4
487713 -0.4
555636 -0.4
114035 -0.4
171380 -0.4
810358 -0.4
64892 -0.4
425342 -0.4
187778 -0.4
335236 -0.4
990598 -0.4
701676 -0.4
7986 0.0
736656 -2.4
900497 -0.4
703895 -0.4
130458 -0.4
736671 0.0
474535 -0.4
483228 -0.4
327083 0.0
433008 0.0
196018 -0.4
703923 -0.4
712116 0.0
359862 -0.4
261561 -0.4
892349 -0.4
556478 -0.4
64962 -0.4
40387 0.0
507332 -0.4
179653 -0.4
724897 -0.4
228811 -0.4
73164 -0.4
872354 -0.4
548274 -0.4
859600 -0.4
261589 -0.4
443641 -0.4
892377 -0.4
31311 -0.4
64990 -0.4
507360 -0.4
171493 0.0
155110 -2.4
966119 -0.4
892392 -0.4
540139 -0.4
954280 -0.4
785906 -0.4
892405 -0.4
646648 -0.4
764500 -0.4
951551 -0.4
867839 -0.4
65024 0.0
745387 -0.4
826884 -0.4
335369 -0.4
538183 0.0
187917 -2.4
163342 -0.4
744977 0.0
917010 -2.4
824579 -2.4
217130 -0.4
867867 -0.4
900637 -0.4
859681 -0.4
851498 -0.4
957996 -0.4
220717 0.0
810546 -0.4
630325 0.0
753210 0.0
682591 -0.4
908862 -0.4
499269 -0.4
499272 -0.4
220745 -0.4
1048143 -0.4
491088 -0.4
651192 0.0
138837 -0.4
630358 -2.4
884312 0.0
65113 -0.4
979389 -0.4
933468 -0.4
1048159 -0.4
622176 0.0
958052 -0.4
667485 -0.4
597607 0.0
163433 -2.4
491116 -0.4
605806 0.0
933487 -0.4
56945 -2.4
65141 -0.4
137833 -0.4
509204 -0.4
1048187 -0.4
232042 -0.4
95509 -0.4
958080 -0.4
302721 -0.4
89730 -0.4
27243 0.0
1007236 -0.4
582934 -0.4
810637 -0.4
1031824 0.0
941715 -2.4
319124 -0.4
802453 -0.4
638615 0.0
540316 -0.4
302749 -0.4
655012 0.0
753317 -0.4
207473 -0.4
29980 -0.4
171691 -0.4
442028 -0.4
712365 -0.4
908974 -0.4
640285 -0.4
777904 -2.0
925362 -0.4
473715 -0.4
548532 -0.4
872893 -2.4
570655 -0.4
949952 -0.4
835267 -0.4
710315 0.0
155334 -2.0
442056 -0.4
548554 -0.4
520141 -0.4
548560 -0.4
327378 0.0
402344 -2.4
343768 -0.4
32473 -0.4
909020 -0.4
859873 -0.4
442084 -0.4
990949 -0.4
548582 -0.4
327400 -2.4
648487 -0.4
548588 -0.4
605933 0.0
794355 -0.4
911998 -0.4
909048 -0.4
196348 0.0
655101 -0.4
917246 -0.4
474880 -0.4
548610 -0.4
444627 -0.4
335625 -0.4
524043 -0.4
474892 -0.4
98064 -0.4
614161 -0.4
977099 -0.4
515865 0.0
941851 -0.4
368412 0.0
294874 -0.4
548638 -0.4
302880 -2.4
929908 -0.4
663331 -0.4
917285 -0.4
474920 -0.4
876329 -0.4
827178 -0.4
605995 -2.4
884530 -2.0
474931 -2.0
106294 -4.4
122679 0.0
352056 -0.4
933689 -0.4
706500 0.0
917313 -0.4
245574 -0.4
229192 -0.4
606025 -0.4
278352 0.0
350427 -0.4
253782 0.0
835415 0.0
196441 -0.4
385436 -0.4
515931 -0.4
491357 -2.0
917342 -0.4
458597 0.0
212839 -0.4
573290 -0.4
638828 -0.4
941935 -0.4
376689 -2.4
737138 -0.4
638835 0.0
548725 -2.0
520169 -0.4
737145 0.0
483200 -0.4
434049 0.0
573318 -0.4
941963 -0.4
704398 0.0
761745 -0.4
786324 -2.72
343957 -0.4
442268 -0.4
606115 -0.4
169287 -0.4
342685 -0.4
589746 -0.4
483256 -0.4
679866 -0.4
40892 -0.4
475073 -0.4
655300 -0.4
114631 0.0
581578 -0.72
520356 -0.4
32760 -0.4
114648 -0.4
983002 -0.4
775503 0.0
32732 -0.4
835553 -0.4
1032164 -0.4
959825 -2.4
98280 -0.4
991213 0.0
376817 0.0
704500 -0.4
245750 -0.4
876536 -2.0
917503 -0.4
